# dists
4.999206093405569362e+01
2.085763385670183467e+01
3.328647740338536209e+01
3.491858457719559539e+01
7.270851073266716469e+01
5.070568475768717320e+01
4.312751279830533235e+01
5.094186553707583442e+01
4.513579991518985679e+01
7.237400361261110504e+01
7.587995206154919003e+01
5.657857409974092633e+01
7.012035217144574517e+01
9.937645210051975653e+01
1.061874581736294090e+02
9.129703724901956718e+01
1.005099316977667030e+02
1.024137615068955256e+02
8.959477275949132036e+01
1.030816433125753093e+02
1.230898289649650934e+02
1.102210798024960496e+02
1.336254245467941928e+02
1.424144655649168101e+02
1.398461109392126502e+02
1.353141989940402823e+02
1.381380302600240100e+02
1.463018790622345193e+02
1.610961237997989315e+02
1.632409016378412900e+02
1.718764834455041068e+02
1.869218697613179927e+02
1.887515229442905991e+02
2.003845945893755243e+02
1.983726803870681863e+02
2.155550052243694950e+02
2.100327137493355849e+02
2.074645165996951732e+02
2.198352242950883806e+02
2.283719905003869428e+02
2.229599858016537723e+02
2.431666094753384471e+02
2.312976010093933894e+02
2.443980650850752454e+02
2.493086757317577451e+02
2.439483138753148523e+02
2.434183545338085253e+02
2.495364750137468945e+02
2.586191455050055765e+02
2.470448443838503749e+02
2.638981423687458800e+02
2.748694625045556563e+02
2.856726575699524915e+02
2.796878785678134136e+02
2.923636501922078423e+02
3.006525668104176248e+02
2.990225438471576354e+02
3.134351021384842397e+02
3.018780310701824305e+02
2.980434786064387254e+02
3.174128834983823708e+02
3.184222249047552395e+02
3.318633207156724438e+02
3.143563561179674934e+02
3.333428692712921020e+02
3.173809107569651928e+02
3.258125794887024540e+02
3.440600504095210681e+02
3.372356163276532470e+02
3.248125684332719629e+02
3.360280990719438137e+02
3.549132148537979674e+02
3.580156446318891312e+02
3.544531955593027988e+02
3.526240423029976228e+02
3.485286582214396276e+02
3.677023146380652179e+02
3.560649469305141110e+02
3.820863446726795019e+02
3.804628984129678884e+02
3.706759493185664951e+02
3.718510897324467805e+02
3.939457115839765038e+02
4.029412869993549293e+02
4.086748550189413436e+02
4.034186954385380659e+02
3.994554707416715473e+02
4.214023931603790061e+02
3.976499320156583508e+02
4.116417532687057701e+02
4.368222637463671845e+02
4.103879489274959269e+02
4.166929955913661843e+02
4.467818103087170130e+02
4.322084821552710991e+02
4.274098332010261174e+02
4.491387359467622673e+02
4.707347303321438403e+02
4.667899030062559405e+02
4.664722208326445525e+02
4.705357372430063378e+02
4.483837010963937928e+02
4.468351836357456932e+02
4.804887556439834952e+02
4.515170531779074281e+02
4.797830687461106436e+02
4.898581328154763241e+02
4.807514628383621584e+02
4.739327732464450946e+02
5.130687773237335705e+02
5.218554845343259103e+02
5.148051102945579487e+02
5.149019756281818445e+02
4.921059472027507127e+02
5.070532145693745179e+02
5.313086725454428461e+02
5.155974099773051194e+02
4.936746365160798860e+02
5.328699674252095519e+02
5.007054768522875747e+02
5.359576450874093325e+02
5.299593073850066958e+02
5.112366766755159233e+02
5.224443565652932193e+02
5.459370726268900853e+02
5.030507061952328058e+02
5.234476220380847735e+02
5.454877752704853719e+02
5.388363102264103190e+02
5.083161161574847711e+02
5.475795926495731010e+02
5.620545616440862204e+02
5.249292534140106454e+02
5.183615294827772004e+02
5.321099927240359193e+02
5.646070817721393951e+02
5.302264786369570402e+02
5.764842439164697225e+02
5.369354361592972964e+02
5.781053548044039871e+02
5.923652554461127693e+02
5.883672092301392240e+02
5.790504026898903476e+02
5.637597383866864220e+02
6.050670151624922255e+02
5.758796707783917554e+02
6.113848272825348431e+02
5.788209010030939226e+02
5.845049515856819653e+02
6.067454865042030860e+02
5.918191664391511040e+02
6.111363360881699691e+02
6.028290855000896045e+02
6.280682459543006644e+02
6.299814539145862682e+02
4.782078250321070101e+01
7.429394506716212732e+01
7.730135342755183103e+01
3.062140717423365643e+01
5.568529388381258372e+01
5.516852764687470767e+01
6.044124803950538904e+01
7.223002596541917342e+01
3.102091284222041878e+01
3.234784780592756448e+01
9.108770801286857477e+01
8.590085175599298850e+01
5.396419993513462998e+01
6.763129986593922638e+01
9.431611799381025207e+01
7.262264552060733536e+01
7.454855586782056776e+01
1.058679181653002246e+02
9.285383153191864380e+01
8.369044144832297150e+01
1.182804533497398296e+02
9.285177888376821898e+01
9.992508641410005055e+01
1.016579427334475128e+02
1.446513569535266583e+02
1.225558159952750970e+02
1.315987441994991514e+02
1.225772248460086900e+02
1.241868424562890567e+02
1.514516068516824134e+02
1.499548276355769758e+02
1.621438854242978493e+02
1.607359237401363714e+02
1.869842363115809292e+02
1.814621863362897614e+02
1.922669727562646358e+02
1.943616891904398756e+02
1.936852554812069513e+02
1.941013284754122026e+02
2.015556868283416350e+02
2.067251285783594881e+02
2.119136325435592028e+02
2.234147385149123579e+02
2.153904661035817298e+02
2.141208796712559774e+02
2.247412968719271191e+02
2.215392943597087481e+02
2.232790489027356386e+02
2.246375446390767365e+02
2.443715523343622351e+02
2.469574479649302532e+02
2.473772437979098981e+02
2.560780343747463235e+02
2.591492547591424795e+02
2.650001377583036515e+02
2.630824720469302633e+02
2.777804137114800938e+02
2.709976047134595660e+02
2.740221678939188905e+02
2.817604544462687386e+02
2.822835233764761256e+02
2.962108916635588116e+02
2.793492189947642146e+02
2.976881808442881265e+02
2.918811458335863449e+02
2.892722166696391355e+02
3.084076213574076633e+02
3.022338033740922469e+02
2.969242317054826685e+02
3.030375664394759951e+02
3.192585264267939920e+02
3.223632155797754990e+02
3.188520100650631548e+02
3.165330347556912329e+02
3.106345659882651375e+02
3.321011291438257444e+02
3.221590394513871161e+02
3.464339156205656991e+02
3.448617129187279033e+02
3.330957389512328177e+02
3.353329442725020613e+02
3.583445260897366325e+02
3.672888579472406718e+02
3.730736695247015859e+02
3.683358549236828026e+02
3.644744765432071745e+02
3.857499641082648623e+02
3.631064013008421512e+02
3.755507457213992097e+02
4.011698346942528701e+02
3.733961950109587065e+02
3.818292352301647838e+02
4.108703495192757487e+02
3.952167282387335945e+02
3.904625152839916495e+02
4.132272751573210599e+02
4.350800419051391259e+02
4.311374739541414556e+02
4.305607600432034019e+02
4.348833081908917961e+02
4.122926935490869482e+02
4.107441760884386781e+02
4.445772948545420036e+02
4.166020478280581187e+02
4.438716079566692656e+02
4.539466720260349462e+02
4.448400020489206668e+02
4.389554717453717672e+02
4.774140888967287424e+02
4.862007961073209685e+02
4.788936495051169686e+02
4.789905148387409213e+02
4.561944864133093347e+02
4.711417537799333672e+02
4.956539841184383022e+02
4.799449809251903503e+02
4.587596311662302355e+02
4.969585066357691403e+02
4.646423139673728997e+02
5.003052160352951319e+02
4.943068783328923814e+02
4.753252158860751138e+02
4.865328957758521824e+02
5.102823841998855983e+02
4.681357008453830417e+02
4.877951929859700044e+02
5.098353462183710576e+02
5.031838811742961184e+02
4.722251086101779833e+02
5.116681318601326325e+02
5.263998732170816766e+02
4.899487587279823515e+02
4.834465241329270953e+02
4.960722739216339505e+02
5.286956209826990971e+02
4.953114732871073898e+02
5.408295554894654060e+02
5.008444286119910771e+02
5.421938940149640302e+02
5.567128263939983981e+02
5.524557484406992671e+02
5.431389419004503907e+02
5.276965755017728270e+02
5.691555543730520412e+02
5.409646654285426166e+02
5.757301388555302992e+02
5.427298934557879875e+02
5.484417887007684840e+02
5.708340257147630155e+02
5.559077056497108060e+02
5.750731732032569425e+02
5.667659226151763505e+02
5.924158169021867479e+02
5.949672830355652877e+02
2.677640272819757072e+01
2.971782050158315513e+01
7.541031788981479167e+01
5.534250433211482800e+01
2.268817067670244825e+01
5.463838985218970379e+01
3.058734715811548099e+01
5.934306742800475831e+01
6.363444634226272001e+01
4.682354659598316715e+01
6.465190147459931325e+01
8.624740162886060091e+01
8.903727879266436673e+01
8.464570182175813784e+01
8.076441295616984917e+01
8.266824276529868598e+01
7.440349103612066983e+01
9.760435268326381220e+01
1.059396495840000938e+02
9.973484940866882198e+01
1.164752451658292074e+02
1.271492609315171904e+02
1.211645003413545396e+02
1.202794984146730997e+02
1.296544413094255788e+02
1.259754180796158352e+02
1.480184956683507380e+02
1.488831425915037698e+02
1.510782589048401405e+02
1.671763510197212668e+02
1.805067696043722094e+02
1.822832442880774693e+02
1.819960578851371906e+02
2.049115455655148423e+02
1.964312294079188632e+02
1.884203830737393730e+02
1.990369997544243859e+02
2.084897086050531243e+02
2.021617612609898345e+02
2.234210907337417211e+02
2.109711400267748616e+02
2.308427580039917189e+02
2.291590947404216934e+02
2.231500893346509145e+02
2.230918935511899974e+02
2.369281862199846387e+02
2.387368636096716159e+02
2.262466198431864939e+02
2.435716813861273238e+02
2.613030924849793450e+02
2.659271388283553961e+02
2.588896540271496178e+02
2.798763735277711930e+02
2.809070480688206999e+02
2.827592541042479297e+02
2.936895833968871443e+02
2.844514720563688570e+02
2.772452540657748727e+02
2.975596918688875121e+02
2.986767061631581441e+02
3.121178019740753484e+02
2.990260010520816536e+02
3.135973505296950066e+02
2.965826862163013402e+02
3.089448010710922858e+02
3.243145316679239727e+02
3.173533344323194001e+02
3.040143438926081103e+02
3.152298745312799610e+02
3.351676961122008720e+02
3.382701258902920358e+02
3.345709136639690087e+02
3.328785235614005273e+02
3.287831394798425322e+02
3.478200327427316552e+02
3.352667223898503153e+02
3.623408259310824064e+02
3.605806165176340983e+02
3.509304305769693997e+02
3.521055709908496851e+02
3.740634296886427705e+02
3.831957682577578339e+02
3.887925731236077809e+02
3.835364135432046169e+02
3.786572462010078084e+02
4.015481933686605203e+02
3.777676501203247312e+02
3.918962345271087884e+02
4.170767450047700891e+02
3.906424301858988315e+02
3.968107136960326784e+02
4.270362915671199175e+02
4.123643784461887094e+02
4.076643144594290220e+02
4.293932172051651719e+02
4.509892115905467449e+02
4.470443842646588450e+02
4.467267020910474571e+02
4.507902185014092424e+02
4.286381823547968111e+02
4.270896648941485978e+02
4.607432369023863998e+02
4.316347712825739791e+02
4.600375500045135482e+02
4.701126140738792287e+02
4.610059440967650630e+02
4.540504913511115888e+02
4.933232585821363614e+02
5.021099657927285875e+02
4.950595915529607396e+02
4.951564568865846354e+02
4.723604284611536173e+02
4.873076958277774224e+02
5.115631538038459780e+02
4.958518912357077966e+02
4.737923546207463801e+02
5.131244486836127408e+02
4.809599581106904793e+02
5.162121263458128624e+02
5.102137886434098277e+02
4.914911579339188279e+02
5.026988378236958965e+02
5.261915538852935015e+02
4.831684242998993000e+02
5.037021032964874507e+02
5.257422565288889018e+02
5.190907914848137352e+02
4.885705974158876757e+02
5.278340739079766308e+02
5.423090429024894092e+02
5.050469715186770259e+02
4.984792475874434672e+02
5.123644739824391081e+02
5.448615630305425839e+02
5.103441967416237617e+02
5.567387251748729113e+02
5.171899174177007126e+02
5.583598360628071759e+02
5.726197367045159581e+02
5.686216904885424128e+02
5.593048839482935364e+02
5.440142196450896108e+02
5.853214964208954143e+02
5.559973888830577380e+02
5.916393085409380319e+02
5.590753822614969977e+02
5.647594328440851541e+02
5.869999677626062748e+02
5.720736476975542928e+02
5.913908173465732716e+02
5.830835667584927933e+02
6.082621824370928607e+02
6.100991720192522507e+02
3.044139461429557603e+00
6.700049471084362551e+01
3.217319417333516185e+01
2.898562353625457533e+01
3.040685322728355189e+01
1.727383057567372759e+01
8.216761858256562334e+01
8.653350105995784247e+01
2.329565746289011585e+01
3.886157513686040232e+01
9.032980424781020190e+01
1.054143861129185353e+02
5.931649933744916581e+01
9.110286541197729093e+01
9.272409671597216629e+01
5.823871476317753348e+01
7.197056116461037334e+01
1.184902700676521192e+02
7.702450748833099681e+01
1.200445497086490718e+02
1.179539588051625856e+02
1.311511227108212267e+02
1.028529065961488129e+02
1.054638209287349042e+02
1.220562648044272009e+02
1.352830108483457821e+02
1.375393306400072788e+02
1.479753882524628636e+02
1.693248579015334201e+02
1.564900689304639059e+02
1.738249409219103825e+02
1.656118124379386813e+02
1.865572658695491555e+02
1.768361414351705605e+02
1.761553671839163826e+02
1.979115295569613124e+02
2.123713619591144948e+02
1.987661470826341201e+02
2.229291230400334882e+02
2.038972212402026116e+02
2.112014927709102210e+02
2.311082654012267312e+02
2.223510801831696710e+02
2.135840118845308666e+02
2.163399026995818701e+02
2.419918361305135193e+02
2.234011932005226697e+02
2.347045661765966997e+02
2.416728901903907456e+02
2.585089786364256952e+02
2.533048927140890783e+02
2.621273785432239265e+02
2.820082101320053312e+02
2.700248044923373527e+02
2.942453379170281096e+02
2.686814587560172640e+02
2.715014900357915053e+02
2.998570539929386882e+02
2.984491152091021604e+02
3.143074912102289318e+02
2.839183196857899247e+02
3.143716304265208805e+02
2.909415794760452627e+02
2.967646864499939738e+02
3.263761117120090489e+02
3.208376610686681829e+02
3.025939171204818763e+02
3.082163740438223272e+02
3.359419760090266891e+02
3.404598151264455055e+02
3.373157456201815307e+02
3.326986265883173246e+02
3.200409626659953801e+02
3.505648646989440067e+02
3.316058003286034364e+02
3.645305151672362740e+02
3.632821801279496299e+02
3.432931510216149036e+02
3.498996919684133218e+02
3.765435435706571639e+02
3.844533226426653414e+02
3.912726870056223447e+02
3.868877720499569932e+02
3.757760038532370572e+02
4.033529230496282025e+02
3.775945300374708609e+02
3.917163375540251877e+02
4.183342993896781081e+02
3.864333895457950803e+02
3.973524152700516083e+02
4.270384460168856435e+02
4.081057264329879786e+02
4.035527738788993588e+02
4.293953716549308979e+02
4.516628567076171521e+02
4.483019386495665799e+02
4.467288565408133536e+02
4.520477728863170341e+02
4.284582853817130399e+02
4.264526794989109248e+02
4.607453913521521258e+02
4.347047847307557618e+02
4.600397044542793310e+02
4.701147685236450684e+02
4.610080985465308459e+02
4.574938331328987147e+02
4.938208459598330364e+02
5.028061385512776269e+02
4.950617460027266930e+02
4.951586113363506456e+02
4.723625829109194001e+02
4.873098502775432053e+02
5.119487875439225490e+02
4.971505431287729948e+02
4.754812386596240117e+02
5.131266031333789215e+02
4.808079057999990482e+02
5.174696807307198014e+02
5.114713430283172215e+02
4.914933123836847244e+02
5.027009922734617930e+02
5.269656299749758546e+02
4.854935399284900654e+02
5.051054816598675075e+02
5.269998109137954998e+02
5.203483458697207880e+02
4.866604258538333738e+02
5.278362283577422431e+02
5.430831189921718760e+02
5.084903133004636970e+02
5.009010392696530403e+02
5.122378657542600422e+02
5.448637174803083099e+02
5.116173843934057004e+02
5.575128012645554918e+02
5.169410957674739393e+02
5.583619905125730156e+02
5.736285897648539276e+02
5.686238449383076841e+02
5.593070383980593760e+02
5.438621673343983502e+02
5.853236508706604582e+02
5.567564755711865701e+02
5.924133846306199302e+02
5.585686074807964587e+02
5.646073805333936662e+02
5.870021222123714324e+02
5.720758021473193367e+02
5.912387650358817837e+02
5.827289587235084127e+02
6.095802815976102238e+02
6.108238854673246578e+02
6.415776589127850116e+01
2.923733848676480207e+01
3.172804573870345024e+01
2.739043948859992028e+01
1.871950979281989191e+01
8.516926991284631754e+01
8.717840789339717844e+01
2.184704438358805589e+01
3.645041243058837210e+01
8.731339050912656319e+01
1.079619475537337365e+02
5.694153007438701763e+01
9.347984849475089675e+01
9.510107979874577211e+01
5.754138081738710042e+01
6.959559190154821806e+01
1.156259507778407851e+02
7.535541045810538208e+01
1.171802304188378230e+02
1.150896395153513367e+02
1.282868034210099211e+02
1.016068501470393528e+02
1.032568078551150563e+02
1.230634830107191817e+02
1.324186915585345332e+02
1.346750113501960016e+02
1.490221540489835093e+02
1.664605386117221144e+02
1.542766379198510833e+02
1.709606216320990484e+02
1.639640009786313044e+02
1.841822966064870002e+02
1.751670444049450452e+02
1.749804171763467480e+02
1.990256172557521381e+02
2.109962830879439082e+02
1.994226421342224000e+02
2.200648037502221825e+02
2.031081689994624924e+02
2.095323957406846773e+02
2.325236576104453547e+02
2.234843991089985877e+02
2.124090618769615446e+02
2.146708056693563265e+02
2.391275168407022136e+02
2.241374263235265971e+02
2.335294452535632956e+02
2.400037931601652019e+02
2.561340093733635968e+02
2.522700569148508407e+02
2.604517558479904551e+02
2.791438908421939118e+02
2.676498352292752543e+02
2.913810186272166902e+02
2.670123617257919477e+02
2.700471177737020980e+02
2.969927347031272689e+02
2.955847959192907410e+02
3.114431719204175124e+02
2.822492226555644379e+02
3.115073111367094612e+02
2.892724824458197759e+02
2.944398708708197887e+02
3.235117924221976295e+02
3.179733417788567635e+02
3.023349174891931739e+02
3.065472770135968403e+02
3.330776567192152697e+02
3.375954958366340861e+02
3.344514263303701114e+02
3.298343072985059052e+02
3.176659934029331112e+02
3.477005454091325873e+02
3.292308310655411674e+02
3.616661958774249115e+02
3.604178608381382674e+02
3.409181817585526915e+02
3.475247227053511097e+02
3.736792242808458013e+02
3.815890033528539789e+02
3.884083677158109822e+02
3.840234527601455738e+02
3.734010345901748451e+02
4.004886037598168400e+02
3.787086177362618855e+02
3.888520182642138252e+02
4.154699800998667456e+02
3.840584202827328681e+02
3.976190069654576860e+02
4.241741267270742810e+02
4.057307571699255391e+02
4.011778046158369193e+02
4.265310523651195354e+02
4.487985374178057896e+02
4.454376193597552174e+02
4.438645372510019911e+02
4.491834535965056716e+02
4.255939660919016774e+02
4.240454486312535209e+02
4.578810720623407633e+02
4.323918195633506230e+02
4.571753851644679685e+02
4.672504492338337059e+02
4.581437792567194833e+02
4.546430695818338563e+02
4.909565266700216739e+02
4.999418192614662644e+02
4.921974267129153304e+02
4.922942920465392831e+02
4.694982636211080376e+02
4.844455309877318427e+02
5.090844682541111865e+02
4.942862238389616323e+02
4.731062693965615722e+02
5.102622838435675021e+02
4.779435865101876857e+02
5.146053614409086094e+02
5.086070237385058590e+02
4.886289930938733619e+02
4.998366729836504305e+02
5.241013106851652310e+02
4.837414023732476949e+02
5.022411623700561449e+02
5.241354916239849899e+02
5.174840265799097097e+02
4.842854565907709343e+02
5.249719090679316196e+02
5.402187997023612525e+02
5.056363565644446680e+02
4.987742408288826823e+02
5.093735464644486797e+02
5.419993981904976863e+02
5.092424151303432609e+02
5.546484819747447546e+02
5.141457011548059199e+02
5.554976712227623921e+02
5.707642704750431903e+02
5.657595256484969468e+02
5.564427191082486388e+02
5.409978480445876130e+02
5.824593315808497209e+02
5.543815063081242442e+02
5.895490653408091930e+02
5.560311659986025461e+02
5.617430612435830426e+02
5.841378029225606952e+02
5.692114828575085994e+02
5.883744457460711601e+02
5.800671951579904544e+02
6.067159623077994866e+02
6.084489162042623320e+02
3.515194655476059893e+01
7.723331649341469074e+01
3.904910815988287709e+01
8.072904176015377686e+01
2.671425761358848305e+01
2.315694112702323793e+01
7.047888591920120405e+01
5.907082095357129958e+01
3.150845387625231808e+01
5.251582912649670476e+01
6.405519038263234677e+01
6.707194766841934097e+01
6.860606111263047069e+01
9.864994933276527433e+01
6.243680061703756223e+01
6.416988721465422429e+01
8.801522932324327542e+01
7.157188992794286264e+01
7.670945381922818740e+01
8.179625651551080523e+01
1.147616922498093572e+02
9.388096939880573188e+01
1.260503322310106284e+02
9.898806625939940318e+01
1.007329659311300816e+02
1.401136218371703137e+02
1.282117082902094864e+02
1.359035445764630765e+02
1.380831178653570532e+02
1.588864087840748311e+02
1.574437075987905814e+02
1.646637378112010595e+02
1.746054270351504840e+02
1.757286920797340883e+02
1.724321270831358959e+02
1.868504284039176184e+02
1.848007616955004835e+02
1.989933132062668903e+02
1.971886975401293398e+02
1.946504638369812312e+02
1.936761120956803381e+02
2.086575573853148171e+02
1.957277046241491405e+02
2.016098475104594741e+02
2.076695769598649122e+02
2.254191614114115225e+02
2.217949756235190364e+02
2.252110203578403969e+02
2.387916373243471071e+02
2.348650025945950404e+02
2.433309363660272595e+02
2.408812168182059565e+02
2.560629681987415438e+02
2.464103440320039624e+02
2.548876983700439212e+02
2.600912530539922614e+02
2.603591564936170926e+02
2.745416902712825049e+02
2.568577085203548904e+02
2.759843565059268258e+02
2.692356197560844748e+02
2.670712456005468880e+02
2.867384199651314702e+02
2.805646019818161108e+02
2.762975569679016417e+02
2.808365953703834634e+02
2.975547020884327480e+02
3.006940141874993060e+02
2.971828086727870186e+02
2.946086678728321431e+02
2.884335949191727195e+02
3.104319277515495514e+02
2.999874015359200143e+02
3.247647142282896198e+02
3.231925115264518809e+02
3.110031180908122224e+02
3.134085773896426304e+02
3.366753246974604394e+02
3.456196565549643651e+02
3.514044681324252792e+02
3.466666535314064959e+02
3.423818556827868633e+02
3.640807627159887829e+02
3.414371999085659581e+02
3.536263788385396651e+02
3.795006333019767908e+02
3.513035741505381111e+02
3.601600338378887614e+02
3.889459826364167725e+02
3.731241073783133970e+02
3.683698944235713952e+02
3.913029082744620837e+02
4.133760137596348159e+02
4.094682725618654899e+02
4.086363931603444257e+02
4.132141067986158305e+02
3.903683266662279152e+02
3.888198092055797019e+02
4.226529279716830274e+02
3.949328464357821531e+02
4.219472410738102894e+02
4.320223051431759700e+02
4.229156351660616906e+02
4.172862703530958015e+02
4.557100607512248871e+02
4.644967679618169427e+02
4.569692826222579924e+02
4.570661479558819451e+02
4.342701195304503585e+02
4.492173868970743911e+02
4.738563241634539054e+02
4.582757795329143846e+02
4.370904297739542699e+02
4.750341397529101641e+02
4.427179470845139235e+02
4.786360146430191662e+02
4.726376769406164158e+02
4.534008490032161376e+02
4.646085288929931494e+02
4.885783560543815156e+02
4.464664994531070761e+02
4.661259915936940388e+02
4.881661448260950920e+02
4.815146797820201527e+02
4.503007417273190072e+02
4.897437649772736563e+02
5.046958450715775939e+02
4.682795573357063859e+02
4.617773227406511296e+02
4.741479070387749744e+02
5.067712540998398367e+02
4.736422718948314241e+02
5.191255273439609255e+02
4.789200617291321009e+02
5.202695271321044856e+02
5.350436250017218072e+02
5.305313815578390404e+02
5.212145750175907324e+02
5.057722086189134529e+02
5.472311874901924966e+02
5.192954640362661394e+02
5.540261107100260460e+02
5.208055265729283292e+02
5.265174218179087120e+02
5.489096588319034709e+02
5.339833387668509204e+02
5.531488063203973979e+02
5.448415557323166922e+02
5.707466155099103844e+02
5.732980816432885831e+02
6.084496066400308223e+01
4.897186022597276533e+00
4.577763602804495235e+01
6.178142903449671053e+01
5.817258855687930463e+01
3.630711862502890597e+01
3.272196257269948916e+01
5.839354424688616518e+01
8.204456759200277816e+01
5.075376548424807055e+01
1.000954447173410671e+02
1.014945834946813363e+02
7.047513357196392292e+01
5.639309794938156273e+01
8.904244461215957074e+01
7.612940928139252605e+01
9.241534230235086511e+01
9.231051911173720725e+01
1.036964155412935327e+02
1.045010796179284824e+02
9.443653885579568907e+01
1.377475409958396710e+02
1.116956099980343566e+02
1.138403878360767010e+02
1.606020595605957624e+02
1.450417659982934708e+02
1.406872529906603688e+02
1.510720953785006202e+02
1.604190929603987001e+02
1.666871173922083926e+02
1.677275645624445417e+02
1.752243640109355738e+02
1.955875993052463855e+02
1.895031527182767661e+02
2.066774298851832157e+02
1.994421753281184522e+02
2.053554850459347563e+02
2.006480371326864542e+02
2.121504531801836038e+02
2.121741921957792840e+02
2.104819423292592546e+02
2.034117732616539342e+02
2.182644191344800504e+02
2.278085773946634731e+02
2.284829881626546921e+02
2.296846528449453331e+02
2.385467229572573444e+02
2.479936434723039156e+02
2.434957623600467400e+02
2.585137016967737509e+02
2.501546560149966467e+02
2.707583902051127893e+02
2.550411037974556621e+02
2.620578302509137529e+02
2.762002774035041739e+02
2.749621674971870107e+02
2.906507146207944174e+02
2.654884682858064480e+02
2.908846827146056739e+02
2.778663795215361461e+02
2.769446916565415222e+02
3.028474443146433828e+02
2.971102440726349414e+02
2.900896357796396501e+02
2.906320722445927913e+02
3.124550282971115962e+02
3.168030385370113322e+02
3.136168028162506971e+02
3.092116788764022317e+02
3.001708141886551857e+02
3.268659218950132868e+02
3.117356518512632420e+02
3.408737385778018165e+02
3.396254035385151155e+02
3.234230025442748229e+02
3.278556842058740699e+02
3.528867669812227064e+02
3.609588142074338748e+02
3.676159104161877735e+02
3.631888292460263301e+02
3.559058553758965786e+02
3.798584146143967359e+02
3.580841600780587441e+02
3.682293898421101517e+02
3.948397909544466415e+02
3.656352995769585164e+02
3.767559092592350112e+02
4.035514983049707780e+02
3.874558328047339160e+02
3.827016198499919142e+02
4.059084239430161460e+02
4.281759089957022297e+02
4.248074302143353975e+02
4.232419088288986018e+02
4.285532644510857381e+02
4.049713376697982312e+02
4.034228202091500748e+02
4.372584436402372603e+02
4.115287218571280619e+02
4.365527567423644655e+02
4.466278208117302029e+02
4.375211508346159803e+02
4.338084460677144421e+02
4.703338982479181709e+02
4.793191908393627614e+02
4.715747982908118274e+02
4.716716636244357801e+02
4.488756351990045346e+02
4.638229025656283397e+02
4.884618398320076835e+02
4.736560346935424377e+02
4.536863051952999513e+02
4.896396554214639991e+02
4.573209580880841827e+02
4.939751722954891875e+02
4.879768345930867213e+02
4.680063646717698589e+02
4.792140445615469844e+02
5.034786822630611596e+02
4.630623748744527006e+02
4.816109732246370072e+02
5.035053024785651701e+02
4.968538374344902877e+02
4.649037527308891526e+02
5.043492806458274913e+02
5.195961712802571810e+02
4.848017330503252538e+02
4.783731981619965836e+02
4.887509180423451767e+02
5.213767697683935012e+02
4.902381473161769350e+02
5.340258535526405694e+02
4.935230727327021896e+02
5.348750428006583206e+02
5.501416420529394600e+02
5.451368972263932164e+02
5.358200906861445674e+02
5.203752196224835416e+02
5.618367031587457632e+02
5.351377828730014699e+02
5.689264369187050079e+02
5.354085375764984747e+02
5.411204328214790849e+02
5.635151745004567374e+02
5.485888544354048690e+02
5.677518173239669750e+02
5.594445667358864966e+02
5.860857731623793825e+02
5.881907579745180783e+02
5.869919266055680396e+01
1.861069256092629587e+01
5.508807503399727779e+01
5.951701795097699232e+01
3.732792338053551617e+01
5.761276763107159127e+01
8.059020047764552430e+01
7.650530677042387140e+01
7.386954824284515553e+01
6.336174342284371619e+01
6.504614242900240129e+01
5.402117481628602746e+01
8.713442719544190140e+01
9.220350908788221034e+01
8.198625603165740472e+01
1.025065487926681556e+02
1.141666327588929590e+02
1.047017856845155706e+02
9.894790488767522163e+01
1.127253933186954811e+02
1.035650446164256806e+02
1.326714095458422662e+02
1.333943483939110308e+02
1.292153875277128634e+02
1.489226379886368079e+02
1.618598317322555431e+02
1.649429012055598776e+02
1.597900325666849426e+02
1.879655332569473956e+02
1.743879050541465006e+02
1.660100096105492469e+02
1.776762077371074611e+02
1.884880558108195316e+02
1.802394325258994172e+02
2.051673777026572623e+02
1.885607665635847354e+02
2.086367326855393571e+02
2.083330409517373596e+02
2.019171909472959499e+02
2.006815200879998713e+02
2.154120502090256650e+02
2.187352108154381369e+02
2.046940523969925891e+02
2.211613079229371976e+02
2.389637653731639659e+02
2.476734257972711077e+02
2.370334398095094173e+02
2.607112465841247513e+02
2.613975642581422107e+02
2.646105742557894587e+02
2.745827352597961521e+02
2.620410985931788446e+02
2.556984219888329051e+02
2.775580390746544026e+02
2.801116629635994855e+02
2.921766955792925273e+02
2.792307531060992574e+02
2.944879476685030681e+02
2.752218941989845575e+02
2.907929573398165530e+02
3.043734252731413790e+02
2.973516816380865748e+02
2.826535518752912708e+02
2.938690825139631784e+02
3.160188500330010584e+02
3.183290194955093853e+02
3.145692608697358423e+02
3.143134803618421529e+02
3.105294264487590681e+02
3.278183799484984888e+02
3.139059303725333052e+02
3.423519622754373017e+02
3.405789637234010456e+02
3.304389456973064512e+02
3.336192174161245703e+02
3.540617768944097179e+02
3.634338191128150584e+02
3.687909203293744440e+02
3.635347607489712232e+02
3.572964541836902868e+02
3.815465405744268992e+02
3.573592082176164126e+02
3.733311913275502434e+02
3.972360278612403022e+02
3.723887171548147421e+02
3.768090609017992847e+02
4.084532108649665361e+02
3.910035864288711878e+02
3.893455020044867183e+02
4.108101365030117904e+02
4.318798087293540675e+02
4.272824351197158421e+02
4.281401328282787517e+02
4.310282693564661827e+02
4.100731391552379819e+02
4.085246216945898823e+02
4.421566676396174671e+02
4.116331184883400738e+02
4.414544693023599393e+02
4.515260448111102960e+02
4.424228633946113405e+02
4.340488385568776835e+02
4.742138557209439114e+02
4.827551330321995806e+02
4.764730222901919205e+02
4.765698876238159301e+02
4.537773477590000084e+02
4.687246151256239273e+02
4.924537509426537554e+02
4.759107848409244070e+02
4.537907018265124748e+02
4.945378794208439786e+02
4.623768774085368705e+02
4.964501772008697458e+02
4.903850653226434702e+02
4.729080772317655601e+02
4.841157571215427424e+02
5.065861475094521325e+02
4.631667715056653947e+02
4.837609969017041180e+02
5.059803073839456715e+02
4.992763068923727587e+02
4.695877761812702715e+02
5.092475046452077549e+02
5.226747908777274461e+02
4.850453187244431206e+02
4.784775947932095619e+02
4.937813932802861245e+02
5.262749937677737080e+02
4.903425439473898564e+02
5.373016128704398398e+02
4.986248742181414855e+02
5.397732668000383001e+02
5.528577875595719888e+02
5.500386097863884061e+02
5.407218032461400981e+02
5.254311389429362862e+02
5.667349271581256289e+02
5.359957360888240601e+02
5.719920685936378959e+02
5.405103390619374295e+02
5.461763521419311473e+02
5.684168870604521544e+02
5.534905669954000587e+02
5.728077366444192648e+02
5.645004860563385591e+02
5.882605296428585007e+02
5.900975192250180044e+02
4.288344456499004309e+01
6.567470476798435186e+01
6.172115986860847414e+01
3.186536837045127157e+01
2.809419138506216029e+01
5.992329132454509022e+01
8.357349027401153307e+01
4.706217595355553129e+01
1.030473267523375682e+02
1.042980764955152893e+02
6.569337379772612451e+01
5.343040700013175126e+01
8.934602610950318535e+01
7.164315570992195603e+01
9.230938875251621312e+01
9.156944987308951056e+01
1.035789340755161447e+02
9.998998021040054596e+01
9.176334550000134982e+01
1.329382394704346382e+02
1.101542582627231042e+02
1.122990361007654343e+02
1.557958268653390235e+02
1.437150337510407780e+02
1.382468544814662721e+02
1.494427290522996827e+02
1.577458996046043467e+02
1.646131396872936534e+02
1.651949809771359696e+02
1.720787494591301368e+02
1.951883679512176002e+02
1.882800470242147242e+02
2.021663304776554355e+02
1.979008235928069439e+02
2.021908539343656344e+02
1.981915937931532881e+02
2.109273474861215334e+02
2.114389151775872335e+02
2.078087489734650148e+02
2.010805649000211019e+02
2.167515415912712342e+02
2.252489287759561307e+02
2.260078393241493018e+02
2.273534444833126713e+02
2.365648524541699942e+02
2.455372001327707494e+02
2.414217846551318303e+02
2.569723499614623847e+02
2.480806783100817370e+02
2.692170384698015368e+02
2.529671260925407239e+02
2.596013869113807004e+02
2.746589256681929214e+02
2.734208157618756445e+02
2.891093628854830513e+02
2.634144905808917656e+02
2.893433309792943078e+02
2.757924018166213500e+02
2.748707139516266693e+02
3.013060925793320166e+02
2.955973665294261536e+02
2.880156580747247403e+02
2.885580945396778247e+02
3.109136765618005143e+02
3.152616868017003071e+02
3.120754510809396720e+02
3.076703271410910929e+02
2.980968364837400486e+02
3.253245701597022048e+02
3.096616741463482754e+02
3.393323868424906777e+02
3.380840518032040904e+02
3.213490248393599700e+02
3.263143324705629880e+02
3.513454152459116244e+02
3.594174624721229065e+02
3.660745586808766916e+02
3.616474775107152482e+02
3.538318776709818394e+02
3.783170628790857677e+02
3.565712825348510364e+02
3.666880381067991266e+02
3.932984392191356164e+02
3.640939478416474913e+02
3.752430317160273603e+02
4.020101465696597529e+02
3.859144810694228909e+02
3.811602681146808891e+02
4.043670722077051209e+02
4.266345572603912046e+02
4.232660784790243724e+02
4.217005570935875767e+02
4.270119127157747130e+02
4.034299859344872061e+02
4.018814684738390497e+02
4.357170919049262352e+02
4.100158443139204110e+02
4.350114050070534404e+02
4.450864690764191778e+02
4.359797990993049552e+02
4.322670943324035875e+02
4.687925465126071458e+02
4.777778391040517363e+02
4.700334465555008023e+02
4.701303118891247550e+02
4.473342834636935095e+02
4.622815508303173146e+02
4.869204880966966584e+02
4.721146829582314126e+02
4.521734276520923004e+02
4.880983036861529740e+02
4.557796063527731576e+02
4.924338205601781624e+02
4.864354828577756393e+02
4.664650129364588338e+02
4.776726928262359593e+02
5.019373305277501345e+02
4.615494973312450497e+02
4.800696214893259253e+02
5.019639507432541450e+02
4.953124856991792626e+02
4.633624009955781275e+02
5.028079289105164662e+02
5.180548195449460991e+02
4.832603813150143992e+02
4.768603206187889327e+02
4.872095663070341516e+02
5.198354180330825329e+02
4.887252697729692841e+02
5.324845018173296012e+02
4.919817209973911645e+02
5.333336910653474661e+02
5.486002903176288328e+02
5.435955454910824756e+02
5.342787389508337128e+02
5.188338678871725733e+02
5.602953514234350223e+02
5.335964311376906153e+02
5.673850851833944944e+02
5.338671858411876201e+02
5.395790810861681166e+02
5.619738227651459965e+02
5.470475027000941282e+02
5.662104655886562341e+02
5.579032150005757558e+02
5.845444214270689827e+02
5.866494062392077922e+02
7.328944276105387701e+01
7.779734669125423352e+01
1.917189001621662214e+01
3.921722346683337435e+01
9.793119584570472114e+01
9.166290166824586549e+01
5.694907042842411471e+01
7.550042593629019905e+01
7.712165724028507441e+01
4.445986016461591817e+01
7.010276849268936417e+01
1.063728027808782173e+02
6.917286143664844644e+01
1.161609166205365256e+02
1.200907413035835702e+02
1.168668710142216725e+02
9.017928639916506484e+01
9.920244879014482819e+01
1.051508442274836739e+02
1.336940942595423678e+02
1.362372933261841297e+02
1.310699676755193934e+02
1.584463606960499931e+02
1.500204042290112341e+02
1.716964404886939519e+02
1.532377677921927557e+02
1.824544388833472794e+02
1.663310173924110700e+02
1.625026183004563336e+02
1.810061089800178991e+02
1.953741535296228164e+02
1.818607265056906783e+02
2.130070420301814522e+02
1.893969695431877653e+02
2.011595035300661038e+02
2.141883172543311957e+02
2.054456596062262292e+02
1.995195568316725314e+02
2.068279742044768454e+02
2.255747689490279697e+02
2.064957726235792279e+02
2.208693342477120041e+02
2.316692629038304290e+02
2.539153272160498318e+02
2.386192394205672827e+02
2.524863279732404067e+02
2.683831938792379788e+02
2.649184334104318737e+02
2.815685875766374124e+02
2.578740475529248783e+02
2.572842215998907136e+02
2.843686149651938422e+02
2.870975152804407458e+02
2.990870881170914686e+02
2.742177888081207584e+02
3.014737999853442147e+02
2.778932234656761011e+02
2.870697074028965403e+02
3.112936841566962016e+02
3.041512210215291248e+02
2.856884965435384629e+02
2.969040271822103705e+02
3.230044796540971106e+02
3.251502981781630410e+02
3.213798367602756230e+02
3.212993326786834700e+02
3.126966558768394862e+02
3.346289558390381558e+02
3.172358316154437716e+02
3.491625381659769118e+02
3.473895396139405989e+02
3.337688469402173723e+02
3.406050697329655463e+02
3.608723527849494417e+02
3.704194487339111106e+02
3.756014962199142246e+02
3.700217055097177195e+02
3.606263554266013784e+02
3.883571164649665661e+02
3.606891094605273906e+02
3.803170436443911058e+02
4.041562867447951248e+02
3.765738824314979070e+02
3.804469946931081381e+02
4.154390631818075690e+02
3.943334876717819384e+02
3.926754032473974689e+02
4.177959888198528233e+02
4.388656610461951004e+02
4.342052672307064540e+02
4.351259851451197846e+02
4.379511014674568514e+02
4.170589914720790148e+02
4.155104740114309152e+02
4.491425199564585000e+02
4.177993641538122915e+02
4.484403216192009722e+02
4.585118971279513289e+02
4.494087157114523734e+02
4.405357833176242366e+02
4.811997080377849443e+02
4.897385003240643755e+02
4.834588746070329535e+02
4.835557399406569630e+02
4.607632000758410413e+02
4.757104674424649602e+02
4.994396032594947883e+02
4.828310437244792865e+02
4.587481240952284338e+02
5.015237317376850115e+02
4.693627297253779034e+02
5.033730093118603008e+02
4.973053242061984633e+02
4.798939295486065930e+02
4.911016094383837753e+02
5.135089796204426875e+02
4.685881193515467089e+02
4.906812557852590544e+02
5.129031394949362266e+02
5.061965657759278656e+02
4.739100296058463186e+02
5.162333569620486742e+02
5.295976229887178306e+02
4.915322634851893326e+02
4.839956186927095700e+02
5.007672455971271575e+02
5.332608460846147409e+02
4.957294848012647321e+02
5.442252703125213884e+02
5.056107265349825184e+02
5.467591191168795604e+02
5.597806196705632829e+02
5.570244621032298937e+02
5.477076555629813583e+02
5.324169912597773191e+02
5.737207794749672303e+02
5.413848354882856029e+02
5.789149007046289626e+02
5.466712936917173238e+02
5.531622044587725213e+02
5.754027393772937558e+02
5.604764193122417737e+02
5.797935889612606388e+02
5.702316457654592341e+02
5.947474744036065886e+02
5.957537871698572189e+02
4.606330234176378546e+00
9.068997464441346779e+01
8.207152145280282696e+01
2.710493115545459730e+01
3.667891538709930188e+01
8.177471289298517831e+01
4.346158263875273775e+01
4.530930991903186822e+01
9.454282242491251509e+01
7.567115111603324351e+01
5.303682335061925102e+01
1.014620717466444404e+02
6.267047935636198730e+01
7.126400275870800272e+01
7.100432463574377095e+01
1.227452809680581964e+02
9.923245099657766843e+01
1.035588973562847031e+02
9.385890952287388700e+01
9.494027903349555686e+01
1.215518798397044549e+02
1.194126581958933855e+02
1.358011028825159769e+02
1.309150868318942855e+02
1.628293746595944924e+02
1.520716659558533763e+02
1.673082396398914682e+02
1.648137296969691477e+02
1.629290882802780516e+02
1.632377856210350444e+02
1.716410830828491498e+02
1.762894875681520546e+02
1.820139055315813437e+02
1.957748460693071877e+02
1.844459166359220035e+02
1.831763302035962511e+02
1.948415698599492316e+02
1.933443465851932217e+02
1.926891933375471524e+02
1.939318177673599450e+02
2.144569485888695795e+02
2.176544339921781273e+02
2.170766339117988366e+02
2.253414747336170194e+02
2.293284178509005073e+02
2.344102821931151084e+02
2.328301889993144016e+02
2.471905581462914654e+02
2.414512835039005552e+02
2.432856082527897001e+02
2.511705988810801387e+02
2.518478823662685784e+02
2.656210360983702117e+02
2.490969359471483529e+02
2.670983252790996403e+02
2.609365963659267891e+02
2.590199336220232453e+02
2.778177657922194612e+02
2.716439478089039312e+02
2.659796822378231695e+02
2.727852833918598208e+02
2.886686708616057331e+02
2.917733600145872401e+02
2.882621544998749528e+02
2.860973937454838847e+02
2.803822829406492474e+02
3.015112735786375993e+02
2.917619164653222583e+02
3.158440600553774971e+02
3.142718573535398150e+02
3.026986159651679031e+02
3.048973032622945425e+02
3.277546705245485441e+02
3.366990023820525835e+02
3.424838139595134976e+02
3.377459993584946574e+02
3.340773535571423167e+02
3.551601085430767739e+02
3.325165457356540060e+02
3.451151047111916910e+02
3.705799791290647249e+02
3.429990720248936782e+02
3.512393796649766387e+02
3.804347085090685709e+02
3.648196052526692483e+02
3.600653922979271329e+02
3.827916341471139390e+02
4.044901863399509807e+02
4.005476183889533672e+02
4.001251190329962242e+02
4.042934526257036509e+02
3.818570525388798274e+02
3.803085350782315004e+02
4.141416538443348259e+02
3.860121922628699735e+02
4.134359669464620879e+02
4.235110310158277684e+02
4.144043610387134891e+02
4.083656161801836220e+02
4.468242333315405972e+02
4.556109405421328233e+02
4.484580084949097341e+02
4.485548738285337436e+02
4.257588454031021570e+02
4.407061127697261895e+02
4.650641285532502138e+02
4.493551253600022051e+02
4.281697756010420903e+02
4.665228656255619057e+02
4.342066729571657220e+02
4.697153604701069867e+02
4.637170227677042362e+02
4.448895748758679360e+02
4.560972547656448910e+02
4.796925286346974531e+02
4.375458452801948965e+02
4.572053374207818592e+02
4.792454906531829124e+02
4.725940256091079732e+02
4.417894675999708056e+02
4.812324908499254548e+02
4.958100176518934745e+02
4.593589031627942063e+02
4.528566685677389501e+02
4.656366329114267160e+02
4.982599799724916352e+02
4.647216177219192446e+02
5.102396999242770903e+02
4.704087876017838994e+02
5.117582530047564546e+02
5.261229708288096845e+02
5.220201074304912936e+02
5.127033008902428719e+02
4.972609344915652514e+02
5.387199133628438403e+02
5.103748098633541872e+02
5.451402832903415856e+02
5.122942524455804687e+02
5.180061476905609652e+02
5.403983847045549282e+02
5.254720646395029462e+02
5.446375321930488553e+02
5.363302816049681496e+02
5.618259613369976933e+02
5.643774274703761193e+02
9.227309722002243575e+01
7.753698773839323621e+01
2.352188006635711304e+01
3.568148360279395348e+01
7.730895055607750521e+01
4.493800346652440680e+01
4.671842717414811830e+01
9.876391090413443408e+01
7.123215840103483742e+01
5.135570396477216093e+01
9.702836308159784551e+01
6.070223618215321437e+01
6.862275639146582762e+01
6.932320524989671640e+01
1.187291688159547220e+02
9.521633884447420826e+01
1.048934448542471927e+02
9.126175855804258674e+01
9.262550008232936705e+01
1.224470815007298228e+02
1.177259497002647493e+02
1.326194955641372246e+02
1.286902883138613447e+02
1.591890178560291531e+02
1.498127605804528173e+02
1.637703707945764506e+02
1.659253035586764327e+02
1.621563496270851488e+02
1.618303535243769602e+02
1.716812257885418376e+02
1.745744140181020896e+02
1.823512920587385508e+02
1.930663110455303695e+02
1.834683773805016926e+02
1.822413640356002702e+02
1.957068994348998956e+02
1.907697494249911756e+02
1.910080739517003963e+02
1.933618756187886447e+02
2.147269059785020033e+02
2.153841878900535676e+02
2.152926131424480616e+02
2.247715325850458896e+02
2.271036193328675381e+02
2.327291628072683238e+02
2.310252933548356680e+02
2.455094387604447093e+02
2.391970060870246471e+02
2.426778205119805989e+02
2.494894794952333541e+02
2.501328088162185850e+02
2.639399167125234840e+02
2.472920403026694203e+02
2.654172058932528557e+02
2.600016301979309219e+02
2.572150379775443412e+02
2.761366464063723356e+02
2.699628284230570898e+02
2.650447160698273024e+02
2.709803877473808029e+02
2.869875514757586075e+02
2.900922406287402282e+02
2.865810351140277703e+02
2.843823201954339197e+02
2.785773872961699453e+02
2.998301541927904736e+02
2.900433720344437347e+02
3.141629406695304283e+02
3.125907379676926894e+02
3.009800715342894932e+02
3.031822297122449186e+02
3.260735511387014753e+02
3.350178829962054579e+02
3.408026945736663720e+02
3.360648799726475886e+02
3.323588091262639068e+02
3.534789891572296483e+02
3.308354263498069372e+02
3.434000311611420102e+02
3.688988597432176562e+02
3.412805275940152683e+02
3.495582602791295699e+02
3.787196349590187197e+02
3.631010608217908384e+02
3.583468478670487229e+02
3.810765605970639740e+02
4.028090669541039119e+02
3.988664990031062416e+02
3.984100454829462592e+02
4.026123332398565822e+02
3.801419789888298055e+02
3.785934615281816491e+02
4.124265802942848609e+02
3.843310728770229048e+02
4.117208933964121229e+02
4.217959574657778035e+02
4.126892874886635241e+02
4.066844967943365532e+02
4.451431139456935284e+02
4.539298211562857546e+02
4.467429349448598259e+02
4.468398002784837786e+02
4.240437718530521920e+02
4.389910392196762245e+02
4.633830091674030882e+02
4.476740059741551363e+02
4.264886562151950216e+02
4.648077920755119976e+02
4.324915994071157570e+02
4.680342410842599179e+02
4.620359033818571675e+02
4.431745013258179711e+02
4.543821812155949829e+02
4.780114092488503843e+02
4.358647258943478278e+02
4.555242180349347905e+02
4.775643712673358436e+02
4.709129062232609044e+02
4.400743940499208406e+02
4.795174172998754898e+02
4.941288982660464058e+02
4.576777837769471375e+02
4.511755491818918813e+02
4.639215593613768078e+02
4.965449064224416702e+02
4.630404983360721758e+02
5.085585805384299647e+02
4.686937140517339344e+02
5.100431794547064897e+02
5.244418514429628431e+02
5.203050338804412149e+02
5.109882273401928501e+02
4.955458609415152864e+02
5.370048398127941027e+02
5.086936904775071184e+02
5.434591639044941758e+02
5.105791788955304469e+02
5.162910741405105455e+02
5.386833111545049633e+02
5.237569910894529812e+02
5.429224586429988904e+02
5.346152080549184120e+02
5.601448419511503971e+02
5.626963080845288232e+02
2.056642526541769911e+01
8.313398273697428920e+01
1.051119972873114250e+02
3.849806289349167088e+01
8.792607482132315511e+01
8.927002153844121324e+01
3.697273259636936160e+01
5.158620505376547527e+01
1.057191115027925434e+02
5.441788163357066566e+01
1.061501717989210078e+02
1.015741778646596600e+02
1.170270975419452952e+02
8.006296215112948289e+01
8.316537291189662540e+01
1.049036391844998803e+02
1.155888296759312084e+02
1.181320287425729560e+02
1.303998493108737193e+02
1.506962623853523837e+02
1.342093457785387614e+02
1.536271184863113604e+02
1.425177363854940324e+02
1.650556707839381545e+02
1.540678409104230866e+02
1.534950505391527429e+02
1.809446031598674836e+02
1.950194463161733438e+02
1.793097330576185300e+02
2.027313006044345229e+02
1.817716448192852852e+02
1.885053333974377949e+02
2.158043185458718654e+02
2.054033850131136774e+02
1.909236952397674827e+02
1.937162431322115310e+02
2.222887092271013216e+02
2.040651188413243631e+02
2.120328644516197016e+02
2.189767308169184332e+02
2.370073835508146374e+02
2.308413837568504619e+02
2.394895981816881374e+02
2.618103876964065648e+02
2.485232094067263517e+02
2.740475154814292864e+02
2.459852993825449232e+02
2.486551283645877675e+02
2.797026356167453400e+02
2.782512927735033372e+02
2.941530728340355267e+02
2.612805393242542209e+02
2.941738079909220573e+02
2.682454201025729503e+02
2.741269060884580995e+02
3.061782892764104531e+02
3.009536173522510580e+02
2.813078551459462915e+02
2.855202146703498443e+02
3.157441535734280933e+02
3.203053967502525552e+02
3.171702813763122890e+02
3.125008041527187288e+02
2.985393675803846918e+02
3.304194004550748218e+02
3.101042052429927480e+02
3.443747013357473179e+02
3.431277617517562817e+02
3.217915559360042721e+02
3.283980968828026903e+02
3.563891251944636451e+02
3.642555002070665182e+02
3.711182686294287691e+02
3.667423078060875810e+02
3.542744087676264257e+02
3.831551006140293225e+02
3.606276036403770604e+02
3.711192636475774975e+02
3.981364769540792281e+02
3.649317944601844488e+02
3.803854888729578079e+02
4.068406235812867635e+02
3.866041313473771197e+02
3.820511787932884999e+02
4.091975492193320747e+02
4.314650342720182152e+02
4.281041162139676430e+02
4.265310341052144167e+02
4.318499504507180973e+02
4.069792493524979591e+02
4.049510844133000660e+02
4.405475689165531890e+02
4.154830925870289775e+02
4.398418820186803941e+02
4.499169460880461315e+02
4.408102761109319090e+02
4.373619246277760908e+02
4.736230235242340996e+02
4.826083161156786900e+02
4.748639235671277561e+02
4.749607889007517088e+02
4.521647604753204632e+02
4.671120278419442684e+02
4.917509651083236690e+02
4.769527206931740579e+02
4.539796435740131528e+02
4.929287806977799278e+02
4.606100833644001113e+02
4.972718582951208077e+02
4.912735205927182847e+02
4.712954899480857875e+02
4.825031698378629130e+02
5.067678075393770882e+02
4.646147765506992755e+02
4.849076592242685706e+02
5.068019884781967903e+02
5.001505234341219079e+02
4.651588307682225150e+02
5.076384059221434200e+02
5.228852965565732802e+02
4.883552116103865615e+02
4.796476150063342629e+02
4.920400433186611053e+02
5.246658950447097141e+02
4.901157893077948415e+02
5.373149788289567823e+02
4.954395006818629099e+02
5.381641680769745335e+02
5.534307673292556728e+02
5.484260225027094293e+02
5.391092159624608939e+02
5.236643448987996408e+02
5.651258284350622034e+02
5.352548804855755407e+02
5.722155621950215618e+02
5.370670123951854293e+02
5.444095580977952977e+02
5.668042997767731777e+02
5.518779797117211956e+02
5.710409426002834152e+02
5.612273636378973833e+02
5.893824591620119691e+02
5.893222903817141969e+02
6.470196326641692508e+01
8.608123442964216565e+01
2.123590685272431600e+01
1.062016378138908550e+02
1.074748562579520694e+02
4.052659128419024626e+01
3.323561635151217786e+01
8.583240459012348822e+01
4.401804413783969494e+01
8.577778130747961427e+01
8.192229596807365510e+01
9.682068562157093083e+01
7.227115106418870027e+01
6.907247470173501824e+01
1.054809825236050358e+02
9.726019944130678141e+01
9.973191841108729250e+01
1.281737770186592513e+02
1.322670330653238011e+02
1.191010653735205267e+02
1.354777798580615240e+02
1.324566137156870127e+02
1.482784187365498099e+02
1.425904950950561272e+02
1.452120438974433512e+02
1.793399277193457237e+02
1.765997511074535566e+02
1.744475013314435614e+02
1.845819619761845729e+02
1.748697431592497651e+02
1.763515688119967990e+02
1.993454265977762248e+02
2.006726262869309210e+02
1.819066643840820348e+02
1.808467147694048549e+02
2.041393705988513148e+02
1.975992361715370009e+02
2.025950920776858197e+02
2.067334519071828822e+02
2.202301315034263212e+02
2.218024019921798242e+02
2.249459888300970078e+02
2.436610490681564727e+02
2.317459573593380924e+02
2.558981768531793932e+02
2.337992464929585310e+02
2.377603294472615403e+02
2.615532969884954468e+02
2.601019541452535009e+02
2.760037342057855199e+02
2.470797696301479789e+02
2.760244693626721073e+02
2.560916555171320965e+02
2.585359930008829679e+02
2.880289506481602757e+02
2.828042787240009943e+02
2.691540905605055514e+02
2.722233735889341233e+02
2.975948149451779159e+02
3.021560581220023209e+02
2.990209427480621116e+02
2.943514655244684946e+02
2.817621155329961766e+02
3.122700618268246444e+02
2.933269531956041760e+02
3.262253627074971973e+02
3.249784231235062180e+02
3.050143038886158706e+02
3.116208448354140046e+02
3.382397865662136383e+02
3.461061615788165113e+02
3.529689300011787623e+02
3.485929691778375741e+02
3.374971567202375127e+02
3.650057619857793156e+02
3.438891921797093687e+02
3.533691764901763577e+02
3.799871383258292212e+02
3.481545424127954789e+02
3.625609413608857494e+02
3.886912849530368135e+02
3.698268792999883203e+02
3.652739267458997006e+02
3.910482105910820678e+02
4.133156956437683220e+02
4.099547775857178067e+02
4.083816954769645236e+02
4.137006118224682041e+02
3.901111243178642098e+02
3.881738323659112666e+02
4.223982302883032958e+02
3.973337539587790275e+02
4.216925433904305009e+02
4.317676074597962383e+02
4.226609374826820158e+02
4.192125859995261408e+02
4.554736848959842064e+02
4.644589774874287968e+02
4.567145849388778629e+02
4.568114502725018156e+02
4.340154218470705700e+02
4.489626892136943752e+02
4.736016264800737190e+02
4.588033820649241648e+02
4.372023915266243534e+02
4.747794420695300346e+02
4.424607447361502182e+02
4.791225196668709145e+02
4.731241819644684483e+02
4.531461513198358944e+02
4.643538312096130198e+02
4.886184689111271950e+02
4.478375245033104761e+02
4.667583205960187342e+02
4.886526498499468971e+02
4.820011848058720147e+02
4.483815787208337156e+02
4.894890672938935268e+02
5.047359579283232733e+02
4.702058729821366114e+02
4.628703629589454636e+02
4.738907046904112121e+02
5.065165564164597072e+02
4.733385372604060422e+02
5.191656402007070028e+02
4.786622486344741105e+02
5.200148294487247540e+02
5.352814287010064618e+02
5.302766838744602182e+02
5.209598773342112281e+02
5.055150062705496907e+02
5.469764898068133334e+02
5.184776284381869118e+02
5.540662235667728055e+02
5.202897603477969142e+02
5.262602194695459730e+02
5.486549611485244213e+02
5.337286410834718708e+02
5.528916039720347726e+02
5.444501115905095503e+02
5.712331205337626443e+02
5.725450383343267049e+02
2.367756995258521258e+01
5.919049002066758192e+01
4.400696111589925152e+01
4.521542591567541791e+01
9.658116196005074983e+01
5.080606633829572161e+01
3.300640441299087513e+01
7.596780326875365574e+01
4.018885623501761017e+01
4.630875821954831650e+01
5.045703165335667251e+01
9.673356168047379811e+01
7.280176974588175653e+01
9.677187894842133176e+01
6.895772277111224469e+01
7.059264648275635068e+01
1.092563139078353487e+02
9.709105722903707658e+01
1.091492060470853289e+02
1.074467946449429689e+02
1.358208412859736995e+02
1.278430689744883892e+02
1.403000812775245834e+02
1.524082346109457831e+02
1.443733028318861500e+02
1.413114760219634718e+02
1.558193287561983027e+02
1.536865058196407290e+02
1.680900873916124567e+02
1.698108963453763351e+02
1.634859667618987373e+02
1.625116150205979011e+02
1.814456947677738867e+02
1.678404850001451507e+02
1.704891964492870784e+02
1.765003119981681152e+02
1.994461940188257643e+02
1.933383306031288100e+02
1.942587109242398924e+02
2.074460867836209275e+02
2.056054044109589825e+02
2.122102853048548639e+02
2.099608909532352357e+02
2.249487123228817325e+02
2.173784873516582650e+02
2.248834897617656736e+02
2.289706019928197804e+02
2.292449006177571675e+02
2.434210392101099671e+02
2.262276379010691301e+02
2.448701006300669007e+02
2.401588541097284235e+02
2.361506355759440794e+02
2.556177689039589325e+02
2.494439509206435730e+02
2.451330598928190625e+02
2.499159853457806548e+02
2.664404462125727946e+02
2.695733631263268535e+02
2.660621576116143956e+02
2.634944119969723033e+02
2.575129848945699109e+02
2.793112766903768147e+02
2.690608150478995526e+02
2.936440631671169967e+02
2.920718604652792010e+02
2.799975145477449701e+02
2.822943215137829043e+02
3.055546736362877596e+02
3.144990054937916852e+02
3.202838170712526562e+02
3.155460024702338160e+02
3.113762521397196679e+02
3.329601116548161031e+02
3.103165488473932783e+02
3.225121229626801096e+02
3.483799822408041109e+02
3.202979706074709725e+02
3.290393827767160815e+02
3.578317267605568190e+02
3.421185038352462584e+02
3.373642908805042566e+02
3.601886523986021871e+02
3.822617578837749193e+02
3.783476215006928101e+02
3.775221372844845860e+02
3.820934557374431506e+02
3.592540707903680754e+02
3.577055533297198622e+02
3.915386720958231876e+02
3.638121953746094732e+02
3.908329851979504497e+02
4.009080492673161302e+02
3.918013792902018508e+02
3.861656192919231216e+02
4.245958048753649905e+02
4.333825120859571030e+02
4.258550267463980958e+02
4.259518920800221053e+02
4.031558636545905188e+02
4.181031310212145513e+02
4.427420682875940088e+02
4.271551284717417047e+02
4.059697787127815900e+02
4.439198838770502675e+02
4.116036912086540838e+02
4.475153635818464863e+02
4.415170258794437359e+02
4.222865931273562978e+02
4.334942730171333665e+02
4.574641001785216190e+02
4.153458483919343962e+02
4.350053405325213589e+02
4.570454937649224121e+02
4.503940287208474729e+02
4.191864858514591674e+02
4.586295091014138166e+02
4.735815891957177541e+02
4.371589062745337060e+02
4.306566716794784497e+02
4.430336511629150777e+02
4.756569982239799970e+02
4.425216208336587442e+02
4.880112714681012562e+02
4.478058058532722612e+02
4.891552712562448164e+02
5.039229739405494684e+02
4.994171256819797122e+02
4.901003191417311768e+02
4.746579527430536132e+02
5.161169316143324295e+02
4.881748129750936869e+02
5.229118548341658652e+02
4.896912706970687736e+02
4.954031659420491565e+02
5.177954029560434037e+02
5.028690828909914785e+02
5.220345504445373308e+02
5.137272998564567388e+02
5.396259644487375908e+02
5.421774305821159032e+02
7.623768940903350710e+01
2.311768605935601073e+01
2.330146846012857509e+01
9.650497144306224584e+01
6.597814437640562346e+01
1.713117021353673763e+01
8.688713182686190351e+01
2.766676579536582992e+01
3.830660379142860705e+01
3.452554772371298242e+01
1.025944045084350762e+02
7.581722703665761287e+01
7.436057859867695186e+01
5.921001629788734988e+01
6.007466322104037459e+01
8.808780361928964453e+01
8.334638004034970038e+01
1.058643271735275562e+02
9.525944781071831358e+01
1.355642752468722563e+02
1.168337790915971794e+02
1.396148920609061577e+02
1.323604716176873808e+02
1.265015515689145786e+02
1.266250673791555243e+02
1.363978344232268682e+02
1.402232094126084689e+02
1.474917234672151096e+02
1.613732574218736602e+02
1.478331983940424834e+02
1.465636119617167310e+02
1.608473308433765112e+02
1.585957658801014531e+02
1.566229151820036805e+02
1.577070775606181030e+02
1.796915503295277858e+02
1.824289509976482577e+02
1.811158383952966915e+02
1.891167345268753479e+02
1.935470814929169592e+02
1.983440040375716649e+02
1.968965937459292945e+02
2.111242799907479935e+02
2.061886107880434338e+02
2.070230224538100572e+02
2.151043207255366951e+02
2.157816042107251064e+02
2.295547579428268818e+02
2.131633406937632458e+02
2.310320471235561968e+02
2.243238781240472122e+02
2.230863383686381667e+02
2.417514876366757903e+02
2.355776696533604309e+02
2.293669639959436211e+02
2.368516881384747421e+02
2.526023927060621759e+02
2.557070818590436829e+02
2.521958763443313387e+02
2.500311155899402138e+02
2.444486876872639982e+02
2.654449954230938147e+02
2.557041301227937993e+02
2.797777818998338830e+02
2.782055791979960873e+02
2.666408296226393304e+02
2.688310251067508716e+02
2.916883923690048732e+02
3.006327242265088557e+02
3.064175358039697699e+02
3.016797212029509865e+02
2.980195672146136303e+02
3.190938303875330462e+02
2.960537620998450166e+02
3.090488265556479632e+02
3.345137009735210540e+02
3.069412856823651055e+02
3.150968256755526227e+02
3.443684303535249001e+02
3.287618189101402209e+02
3.240076059553982191e+02
3.467253559915702112e+02
3.684239081844073098e+02
3.644813402334096395e+02
3.640588408774524964e+02
3.682271744701599800e+02
3.457907743833360996e+02
3.442422569226878295e+02
3.780753756887910981e+02
3.499062414639478220e+02
3.773696887909183602e+02
3.874447528602840407e+02
3.783380828831697613e+02
3.722993380246399511e+02
4.107579551759969263e+02
4.195446623865891524e+02
4.123917303393660632e+02
4.124885956729900158e+02
3.896925672475584292e+02
4.046398346141824618e+02
4.289978503977064861e+02
4.132888472044585342e+02
3.920638248021195977e+02
4.304565874700182349e+02
3.981403948016219942e+02
4.336490823145633158e+02
4.276507446121605653e+02
4.088232967203242083e+02
4.200309766101012769e+02
4.436262504791537822e+02
4.014398944812726313e+02
4.211390592652381883e+02
4.431792124976392415e+02
4.365277474535643023e+02
4.057231894444270779e+02
4.451662126943817270e+02
4.597437394963498036e+02
4.232926250072505354e+02
4.167507177688163438e+02
4.295703547558830451e+02
4.621937018169479074e+02
4.286156669229966383e+02
4.741734217687333626e+02
4.343425094462401717e+02
4.756919748492127269e+02
4.900566926732662978e+02
4.859538292749476227e+02
4.766370227346990873e+02
4.611946563360215237e+02
5.026536352073002831e+02
4.742688590644314672e+02
5.090740051347979716e+02
4.762279742900366841e+02
4.819398695350170669e+02
5.043321065490112574e+02
4.894057864839593890e+02
5.085712540375051844e+02
5.002640034494245924e+02
5.257596831814539655e+02
5.283111493148322779e+02
9.908236551815728888e+01
9.918625126179190943e+01
3.781268817512192726e+01
1.328903239681405601e+01
7.217597770789021183e+01
2.608287114151747588e+01
7.014214233960265688e+01
6.356399189382905490e+01
7.965422784246401022e+01
5.484972400708402063e+01
4.802187708738475891e+01
9.191633534947546025e+01
7.710209992669693690e+01
7.964529899333868457e+01
1.131928336902501258e+02
1.122304149899544399e+02
9.796785188696914304e+01
1.151403887370770747e+02
1.124121263004351903e+02
1.273252325487483176e+02
1.216389104475807841e+02
1.261188697049736902e+02
1.637281869681165745e+02
1.565535989207753289e+02
1.569781400707332466e+02
1.642445708552002372e+02
1.560295742201945757e+02
1.553290237936269875e+02
1.792992744110980539e+02
1.808993710399462316e+02
1.624505273995832226e+02
1.597654625204734202e+02
1.838019794778670075e+02
1.790362906135825938e+02
1.822233342037888519e+02
1.857109068888131844e+02
1.992769453156247721e+02
2.017696338735783854e+02
2.038146159415825309e+02
2.233236579471722507e+02
2.107927711715364296e+02
2.355607857321951712e+02
2.127767014745889185e+02
2.167388169118543431e+02
2.412159058675111964e+02
2.397645630242692505e+02
2.556663430848013547e+02
2.261265834423462877e+02
2.556870782416879138e+02
2.350691104987624556e+02
2.375828068130812483e+02
2.676915595271761390e+02
2.624668876030169145e+02
2.481315455421357967e+02
2.512701874011324605e+02
2.772574238241938360e+02
2.818186670010182411e+02
2.786835516270779749e+02
2.740140744034844715e+02
2.608089293451947697e+02
2.919326707058405077e+02
2.723737670078028827e+02
3.058879715865130038e+02
3.046410320025219676e+02
2.840611177008145205e+02
2.906676586476128819e+02
3.179023954452293879e+02
3.257687704578322041e+02
3.326315388801944550e+02
3.282555780568532668e+02
3.165439705324366173e+02
3.446683708647950084e+02
3.235518010587250615e+02
3.330317853691920504e+02
3.596497472048449140e+02
3.272013562249946403e+02
3.422235502399014422e+02
3.683538938320525062e+02
3.488736931121875386e+02
3.443207405580989189e+02
3.707108194700977606e+02
3.929783045227840148e+02
3.896173864647334995e+02
3.880443043559802163e+02
3.933632207014838968e+02
3.692488111173083780e+02
3.672206461781104849e+02
4.020608391673189885e+02
3.769963628377947202e+02
4.013551522694461937e+02
4.114302163388119311e+02
4.023235463616977086e+02
3.988751948785418335e+02
4.351362937749998991e+02
4.441215863664444896e+02
4.363771938178935557e+02
4.364740591515175083e+02
4.136780307260862628e+02
4.286252980927100680e+02
4.532642353590894118e+02
4.384659909439398575e+02
4.162492053388235718e+02
4.544420509485457274e+02
4.221233536151659109e+02
4.587851285458866073e+02
4.527867908434841411e+02
4.328087601988515871e+02
4.440164400886286558e+02
4.682810777901428878e+02
4.268843383155096944e+02
4.464209294750344270e+02
4.683152587289625899e+02
4.616637936848877075e+02
4.274283925330329339e+02
4.691516761729092195e+02
4.843985668073389661e+02
4.498684818611523042e+02
4.419171767711446819e+02
4.535533135694269049e+02
4.861791652954753999e+02
4.523853510726052605e+02
4.988282490797225250e+02
4.577090624466733289e+02
4.996774383277402194e+02
5.149440375800213587e+02
5.099392927534751152e+02
5.006224862132265798e+02
4.851776151495653835e+02
5.266390986858280030e+02
4.975244422503859596e+02
5.337288324457872477e+02
4.993365741599958483e+02
5.059228283485609268e+02
5.283175700275388635e+02
5.133912499624868815e+02
5.325542128510492148e+02
5.234969254027074612e+02
5.508957294127776549e+02
5.515918521465240474e+02
2.000000000000000000e+00
7.478932597775887814e+01
8.846766060435409429e+01
3.194008241467768627e+01
9.997047547363463593e+01
4.111344648951612868e+01
5.353374599460904193e+01
4.136903574105053139e+01
8.728672853378438390e+01
9.585344650815770251e+01
6.014673999110524960e+01
6.952963024117801183e+01
7.013290067181836207e+01
7.945529404510081406e+01
8.643072364504004668e+01
1.175470869415189270e+02
1.019736941101121062e+02
1.234607062333368219e+02
1.246327833134824488e+02
1.403079403226744262e+02
1.221570994974272253e+02
1.238960646659403864e+02
1.278808443841089968e+02
1.295834758235802440e+02
1.426754633590605010e+02
1.399173197369775892e+02
1.679046635675403536e+02
1.488175296154797991e+02
1.457032072575154302e+02
1.527449840653454487e+02
1.668722848655462485e+02
1.581279993887276021e+02
1.529839495652416588e+02
1.723957522231167729e+02
1.902279552195330439e+02
1.851815114536742612e+02
1.854003689869917935e+02
1.993981706370670963e+02
2.001614206941395651e+02
2.021186599121925269e+02
2.129439560222061232e+02
2.124121809354404604e+02
2.036196192337062598e+02
2.169217373821044248e+02
2.179310787884772935e+02
2.313721745993945547e+02
2.183854068600264213e+02
2.328517231550143265e+02
2.221108268460330635e+02
2.283010429962194507e+02
2.435689042932433495e+02
2.367444702113753863e+02
2.288847913455686864e+02
2.401733848817672481e+02
2.544220687375202488e+02
2.575244985156114126e+02
2.539620494430249380e+02
2.521328961867198473e+02
2.480375121051619658e+02
2.672111685217874992e+02
2.592481037024430748e+02
2.815951985564016695e+02
2.799717522966899423e+02
2.701848032022887764e+02
2.713599436161690619e+02
2.934545654676985578e+02
3.024501408830769833e+02
3.081837089026634544e+02
3.029275493222601767e+02
3.011430552145969841e+02
3.209112470441011737e+02
2.971587858993804616e+02
3.111506071524279946e+02
3.363311176300892953e+02
3.098968028112180377e+02
3.162018494750882383e+02
3.462906641924391806e+02
3.317173360389933237e+02
3.269186870847482851e+02
3.486475898304844918e+02
3.702435842158659511e+02
3.662987568899781081e+02
3.659810747163667770e+02
3.700445911267285055e+02
3.478925549801160173e+02
3.463440375194678609e+02
3.799976095277054924e+02
3.510259070616295389e+02
3.792919226298327544e+02
3.893669866991984350e+02
3.802603167220841556e+02
3.734416271301671486e+02
4.125776312074555676e+02
4.213643384180477938e+02
4.143139641782798321e+02
4.144108295119038416e+02
3.916148010864727098e+02
4.065620684530966287e+02
4.308175264291651843e+02
4.151062638610270028e+02
3.931834903998019399e+02
4.323788213089318901e+02
4.002143307360096856e+02
4.354664989711317844e+02
4.294681612687290340e+02
4.107455305592379204e+02
4.219532104490149891e+02
4.454459265106124235e+02
4.025595600789548598e+02
4.229564759218066570e+02
4.449966291542077101e+02
4.383451641101327709e+02
4.078249700412068819e+02
4.470884465332953255e+02
4.615634155278084449e+02
4.244381072977325857e+02
4.178703833664990270e+02
4.316188466077582575e+02
4.641159356558615059e+02
4.297353325206793215e+02
4.759930978001920607e+02
4.364442900430197483e+02
4.776142086881263253e+02
4.918741093298347664e+02
4.878760631138612212e+02
4.785592565736126858e+02
4.632685922704085328e+02
5.045758690462138816e+02
4.753885246621140368e+02
5.108936811662566129e+02
4.783297548868162608e+02
4.840138054694038487e+02
5.062543403879248558e+02
4.913280203228729874e+02
5.106451899718917389e+02
5.023379393838111469e+02
5.275770998380228320e+02
5.294903077983080948e+02
7.556473157979669963e+01
8.851248022391770576e+01
3.127644242630381299e+01
9.942981673162321954e+01
4.025938168700553632e+01
5.267968119209846378e+01
4.023346046397452369e+01
8.607817924787583763e+01
9.519109570783045626e+01
5.848883774250618472e+01
6.839411174924147474e+01
6.899738217988181077e+01
7.751254409911406640e+01
8.458937536814744362e+01
1.164115684495823047e+02
1.002475755823183334e+02
1.218028039847377073e+02
1.232238737420609596e+02
1.386500380740753258e+02
1.204976472923806341e+02
1.219699014262806998e+02
1.260394961072163795e+02
1.276407258775934821e+02
1.408341150821678980e+02
1.379745697909908415e+02
1.662452113624938193e+02
1.469761813385871960e+02
1.437775790040226980e+02
1.508022341193587010e+02
1.655868601629619548e+02
1.562866511118349990e+02
1.510411996192549111e+02
1.704530022771300253e+02
1.887260283521524684e+02
1.833401631767816582e+02
1.834576190410050458e+02
1.975568223601744933e+02
1.983200724172469620e+02
2.002773116352998670e+02
2.111026077453135201e+02
2.105708326585478574e+02
2.016768692877195122e+02
2.150803891052118217e+02
2.160897305115846905e+02
2.295308263225019516e+02
2.165440585831338183e+02
2.310103748781217234e+02
2.201846636063735048e+02
2.264596947193268477e+02
2.417275560163507464e+02
2.349031219344827832e+02
2.269591630920758689e+02
2.382477566282744306e+02
2.525807204606276457e+02
2.556831502387188095e+02
2.521207011661323349e+02
2.502915479098272442e+02
2.461961638282693627e+02
2.653698202448948109e+02
2.574067554255505570e+02
2.797538502795091517e+02
2.781304040197974246e+02
2.683434549253962018e+02
2.695185953392764873e+02
2.916132171908060400e+02
3.006087926061844655e+02
3.063423606257709366e+02
3.010862010453676589e+02
2.993017069377044663e+02
3.190698987672086560e+02
2.953174376224879438e+02
3.093092588755354768e+02
3.344897693531967775e+02
3.080554545343255199e+02
3.143605011981957205e+02
3.444493159155466628e+02
3.298759877621007490e+02
3.250773388078557673e+02
3.468062415535919740e+02
3.684022359389734333e+02
3.644574086130855903e+02
3.641397264394742592e+02
3.682032428498359877e+02
3.460512067032234995e+02
3.445026892425753431e+02
3.781562612508129746e+02
3.491845587847370211e+02
3.774505743529401229e+02
3.875256384223059172e+02
3.784189684451916378e+02
3.716002788532746308e+02
4.107362829305630498e+02
4.195229901411552760e+02
4.124726159013875417e+02
4.125694812350115512e+02
3.897734528095803057e+02
4.047207201762043383e+02
4.289761781522726665e+02
4.132649155841344850e+02
3.913421421229094221e+02
4.305374730320394860e+02
3.983729824591173951e+02
4.336251506942392666e+02
4.276268129918365162e+02
4.089041822823456300e+02
4.201118621721226987e+02
4.436045782337199057e+02
4.007182118020623420e+02
4.211151276449141392e+02
4.431552808773151924e+02
4.365038158332402531e+02
4.059836217643145915e+02
4.452470982564030351e+02
4.597220672509159272e+02
4.225967590208400679e+02
4.160290350896065092e+02
4.297774983308658534e+02
4.622745873789692155e+02
4.278939842437868037e+02
4.741517495232995429e+02
4.346029417661273442e+02
4.757728604112340349e+02
4.900327610529422486e+02
4.860347148369689307e+02
4.767179082967203954e+02
4.614272439935162424e+02
5.027345207693215912e+02
4.735471763852215190e+02
5.090523328893640951e+02
4.764884066099239703e+02
4.821724571925115583e+02
5.044129921110325654e+02
4.894866720459806970e+02
5.088038416949994485e+02
5.004965911069188564e+02
5.257357515611302006e+02
5.276489595214155770e+02
4.734660462834971639e+01
1.053154191531904189e+02
3.079969105996044121e+01
1.009222006083806775e+02
9.269319912252760219e+01
1.059684470477198772e+02
4.627390621552533645e+01
6.061346506609030627e+01
6.849917328853183562e+01
1.022322612377166848e+02
1.048474980299446742e+02
9.371472349628895415e+01
1.326637663651096091e+02
1.078980643246963069e+02
1.379653091185985261e+02
1.090100451145504792e+02
1.423705716796178535e+02
1.225663354959619653e+02
1.183645727690096692e+02
1.443817295745528497e+02
1.637261919892599167e+02
1.425843472792761588e+02
1.831166176408788147e+02
1.457438619801908430e+02
1.573948216336171697e+02
1.792438909146497679e+02
1.688405114277991004e+02
1.555168362132002358e+02
1.630632923080279681e+02
1.933115762069861887e+02
1.673866293472102882e+02
1.768666136292398505e+02
1.879045810073815232e+02
2.132676091107857701e+02
1.951515334540773097e+02
2.087216460767915578e+02
2.369272505314535522e+02
2.211537515139830816e+02
2.508951641910322223e+02
2.136157025739972823e+02
2.134699300115033793e+02
2.513156466999531347e+02
2.569248152899539832e+02
2.660362252952560880e+02
2.304531069116719095e+02
2.708003765997386267e+02
2.347242449455350197e+02
2.430140399465500423e+02
2.783749085325782744e+02
2.697337084430491814e+02
2.456944211676851069e+02
2.531285323388268012e+02
2.903679515575205983e+02
2.920602395957707245e+02
2.874463867467289333e+02
2.909438142415460788e+02
2.684692118509531724e+02
3.006464002976027814e+02
2.788509513804590938e+02
3.160717846164503158e+02
3.138731494998967264e+02
2.934094068750283100e+02
3.046583224427733967e+02
3.277220301821755584e+02
3.373704445209166920e+02
3.424511736171402276e+02
3.341392175383612084e+02
3.240019760211359312e+02
3.552067938621929102e+02
3.240647300550620002e+02
3.474665265053455983e+02
3.711037241115170104e+02
3.389125836053017906e+02
3.438226152876428046e+02
3.849933430840932829e+02
3.577091082663166048e+02
3.560510238419320785e+02
3.873426851944641953e+02
4.065510895813017100e+02
4.011527045974285670e+02
4.046708778951760337e+02
4.048985388341790781e+02
3.826300550452799030e+02
3.802803008761641763e+02
4.186810359424789567e+02
3.811749847483469011e+02
4.179921066371941265e+02
4.280567898780075211e+02
4.189627579758355296e+02
4.042014988546537211e+02
4.484116909688138435e+02
4.566859376907864885e+02
4.530037673570888046e+02
4.531006326907127573e+02
4.297371899135708873e+02
4.452571638170767301e+02
4.666515861905235738e+02
4.491594146732395529e+02
4.221237446897630434e+02
4.708696119340721111e+02
4.377565378795426909e+02
4.703204466785821865e+02
4.642527615729204058e+02
4.492202612713933263e+02
4.606483058129952610e+02
4.804564169871645731e+02
4.319637399460812617e+02
4.549708334226793909e+02
4.798505768616581122e+02
4.731440031426497512e+02
4.372856502003809283e+02
4.857782497121044116e+02
4.965450603554397162e+02
4.551979790222184192e+02
4.473712392872441796e+02
4.691864978338035144e+02
5.028057388346704215e+02
4.591051053957993417e+02
5.111727076792431603e+02
4.701210146793545164e+02
5.163040118669354115e+02
5.267280570372854527e+02
5.265711584778414363e+02
5.171565275471998575e+02
4.993584991942988154e+02
5.432656722250230814e+02
5.047604560828195872e+02
5.458623380713514734e+02
5.100469142862514218e+02
5.196328022435276353e+02
5.449494357519049572e+02
5.297144322867502524e+02
5.460049462968574971e+02
5.336072663599929911e+02
5.585951340685679725e+02
5.591294077643905212e+02
5.979913915318353190e+01
2.596923084393660019e+01
5.701686437534072383e+01
5.041235544763824805e+01
6.651778463556574650e+01
5.264017739238734350e+01
3.872863067533448600e+01
9.137738516748274265e+01
6.420844079863752540e+01
6.669243614399050557e+01
1.112598051149146556e+02
9.923708490953576700e+01
8.688355529576288916e+01
1.022512811869095515e+02
1.044192587709667634e+02
1.150519200653978373e+02
1.126715748566389124e+02
1.189318542813611543e+02
1.524330252561955490e+02
1.435602688403567413e+02
1.519438739676629950e+02
1.513554633050326288e+02
1.490439587565967656e+02
1.458029452493692020e+02
1.663059443306794947e+02
1.679060409595276724e+02
1.544821081398273463e+02
1.494327945397308781e+02
1.709128719276993706e+02
1.729303901142655775e+02
1.734844332036523724e+02
1.759497436953588192e+02
1.870036328322743771e+02
1.930307328734419059e+02
1.918605650332362131e+02
2.104345503970045286e+02
1.985194586881861483e+02
2.226716781820274491e+02
2.027701754028482242e+02
2.072127383675966996e+02
2.283267983173434743e+02
2.268754554741015284e+02
2.427772355346336042e+02
2.138532709589960348e+02
2.427979706915201916e+02
2.255430319545046700e+02
2.253094943297309953e+02
2.548024519770084737e+02
2.495777800528491639e+02
2.384379535430491615e+02
2.389968749177822076e+02
2.643683162740260855e+02
2.689295594508504905e+02
2.657944440769102812e+02
2.611249668533166641e+02
2.485356168618443462e+02
2.790435631556728140e+02
2.601004545244523456e+02
2.929988640363453669e+02
2.917519244523543875e+02
2.717878052174640402e+02
2.783943461642621742e+02
3.050132878950618078e+02
3.128796629076646809e+02
3.197424313300269318e+02
3.153664705066857437e+02
3.042706580490856823e+02
3.317792633146274852e+02
3.106626935085575383e+02
3.201426778190245273e+02
3.467606396546773908e+02
3.149280437416436484e+02
3.293344426897339190e+02
3.554647862818849831e+02
3.366003806288364899e+02
3.320474280747478701e+02
3.578217119199302374e+02
3.800891969726164916e+02
3.767282789145659763e+02
3.751551968058126931e+02
3.804741131513163737e+02
3.568846256467123794e+02
3.549473336947594362e+02
3.891717316171514653e+02
3.641072552876271970e+02
3.884660447192786705e+02
3.985411087886444079e+02
3.894344388115301854e+02
3.859860873283743103e+02
4.222471862248323760e+02
4.312324788162769664e+02
4.234880862677260325e+02
4.235849516013499851e+02
4.007889231759187396e+02
4.157361905425425448e+02
4.403751278089219454e+02
4.255768833937723343e+02
4.039758928554725230e+02
4.415529433983782042e+02
4.092342460649983877e+02
4.458960209957190841e+02
4.398976832933166179e+02
4.199196526486840639e+02
4.311273325384611326e+02
4.553919702399753646e+02
4.146110258321586457e+02
4.335318219248669038e+02
4.554261511787950667e+02
4.487746861347201843e+02
4.151550800496818852e+02
4.562625686227416963e+02
4.715094592571714429e+02
4.369793743109847810e+02
4.296438642877936331e+02
4.406642060192593817e+02
4.732900577453078768e+02
4.401120385892542117e+02
4.859391415295550019e+02
4.454357499633222801e+02
4.867883307775726962e+02
5.020549300298538924e+02
4.970501852033075920e+02
4.877333786630590566e+02
4.722885075993978603e+02
5.137499911356603661e+02
4.852511297670349109e+02
5.208397248956197245e+02
4.870632616766447995e+02
4.930337207983934036e+02
5.154284624773713404e+02
5.005021424123193583e+02
5.196651053008816916e+02
5.112236129193566967e+02
5.380066218626095633e+02
5.393185396631736239e+02
7.743787339262038927e+01
1.053794738502568684e+01
2.217867628969759153e+01
1.796750128512452349e+01
9.145424720892299320e+01
6.395793173761882144e+01
6.638993390621335777e+01
4.208119788754720503e+01
4.294584481070020843e+01
7.672819778845372696e+01
6.637583484527419841e+01
8.917058624805670775e+01
7.828754800756691168e+01
1.227024043120929235e+02
9.977221128867459754e+01
1.234592998202460450e+02
1.212803046209030953e+02
1.119467202463642082e+02
1.104746495596045719e+02
1.229536292666555539e+02
1.232526642175328959e+02
1.354054540065036463e+02
1.442444390115335295e+02
1.321126734157292901e+02
1.310782967059733437e+02
1.488080797834959981e+02
1.414669474697613225e+02
1.396523699869279653e+02
1.437727778226028192e+02
1.665804945292831007e+02
1.653673831947253063e+02
1.641452932002209764e+02
1.749223210729710729e+02
1.765765362978412440e+02
1.813734588424959213e+02
1.799260485508535794e+02
1.941537347956722783e+02
1.891518288367217338e+02
1.924569071762438170e+02
1.981337755304609516e+02
1.988110590156493913e+02
2.125842127477511099e+02
1.961927954986875307e+02
2.140615019284804816e+02
2.090440495207770084e+02
2.061157931735624516e+02
2.247809424416000752e+02
2.186071244582847157e+02
2.136997415781944198e+02
2.198811429433990270e+02
2.356318475109864323e+02
2.387365366639679962e+02
2.352253311492556236e+02
2.330605703948644702e+02
2.274781424921882831e+02
2.484744502280181564e+02
2.387335849277180557e+02
2.628072367047582247e+02
2.612350340029204858e+02
2.496702844275636437e+02
2.518604799116752417e+02
2.747178471739292718e+02
2.836621790314331975e+02
2.894469906088941116e+02
2.847091760078753850e+02
2.810490220195380289e+02
3.021232851924574447e+02
2.794797223850347336e+02
2.920782813605723618e+02
3.175431557784453958e+02
2.899707404872895040e+02
2.982025563143573663e+02
3.273978851584492986e+02
3.117912737150646194e+02
3.070370607603226176e+02
3.297548107964946098e+02
3.514533629893317084e+02
3.475107950383339812e+02
3.470882956823768950e+02
3.512566292750843786e+02
3.288202291882604982e+02
3.272717117276122281e+02
3.611048304937154967e+02
3.329753689122507012e+02
3.603991435958427587e+02
3.704742076652084393e+02
3.613675376880941599e+02
3.553287928295643496e+02
3.937874099809213249e+02
4.025741171915135510e+02
3.954211851442904617e+02
3.955180504779144144e+02
3.727220220524828278e+02
3.876692894191068604e+02
4.120273052026308847e+02
3.963183020093829327e+02
3.751329522504228180e+02
4.134860422749426334e+02
3.811698496065463928e+02
4.166785371194877143e+02
4.106801994170850207e+02
3.918527515252486069e+02
4.030604314150256755e+02
4.266557052840781807e+02
3.845090219295756242e+02
4.041685140701625869e+02
4.262086673025636401e+02
4.195572022584888146e+02
3.887526442493514196e+02
4.281956674993061256e+02
4.427731943012742022e+02
4.063220798121748203e+02
3.998198452171196777e+02
4.125998095608074436e+02
4.452231566218723060e+02
4.116847943712999722e+02
4.572028765736577611e+02
4.173719642511644565e+02
4.587214296541371255e+02
4.730861474781908100e+02
4.689832840798720213e+02
4.596664775396234859e+02
4.442241111409459222e+02
4.856830900122246817e+02
4.573379865127349149e+02
4.921034599397223701e+02
4.592574290949609690e+02
4.649693243399414655e+02
4.873615613539356559e+02
4.724352412888837875e+02
4.916007088424295830e+02
4.832934582543489910e+02
5.087891379863787051e+02
5.113406041197569607e+02
7.237322834163673235e+01
6.386973716050435712e+01
8.119473811276873221e+01
2.892970424424226294e+01
3.109971160050753980e+01
6.621684932500667742e+01
7.219469886751230092e+01
7.481305257003837994e+01
8.725498085745557830e+01
1.076303070714179313e+02
8.119997920274178682e+01
1.076326085631525018e+02
8.898578682072623280e+01
1.147217317325330299e+02
1.000045422207242041e+02
1.013063946775209843e+02
1.377622349037085883e+02
1.511388863187330003e+02
1.312108422961692611e+02
1.575154347875289602e+02
1.309133233824643412e+02
1.343722406456610656e+02
1.739271578346699698e+02
1.618128711870300549e+02
1.382381150512302384e+02
1.395247713684981932e+02
1.771033093654608024e+02
1.538290146517009589e+02
1.589833173959021622e+02
1.648436380651415334e+02
1.861826200652354544e+02
1.781380652151877939e+02
1.852981264179747996e+02
2.165945218795006042e+02
1.969793585561634757e+02
2.287520520235461277e+02
1.918522066307681371e+02
1.950689036157968417e+02
2.345172357551047355e+02
2.303036842538661517e+02
2.489676729723948938e+02
2.070890675605408831e+02
2.489579421740164378e+02
2.141123273507961926e+02
2.199354343247448185e+02
2.609624234595045209e+02
2.557682174906104251e+02
2.271747623941694769e+02
2.313871219185731434e+02
2.705282877565222179e+02
2.751199968886117517e+02
2.719848815146715424e+02
2.644350355790826370e+02
2.455623827986876222e+02
2.852340005934342457e+02
2.562531756086698351e+02
2.991588355188416699e+02
2.979423618901157056e+02
2.704336278564942972e+02
2.775733333972235073e+02
3.112037253328232396e+02
3.190396343901610408e+02
3.259328687677884773e+02
3.215569079444472322e+02
3.029815345142134788e+02
3.379392347971236177e+02
3.096522115540844879e+02
3.203815374597962204e+02
3.529206111371735801e+02
3.137140661779609445e+02
3.291204712674914958e+02
3.579440013661248372e+02
3.353325927631029231e+02
3.311618862584583667e+02
3.602486382701386560e+02
3.855873311417308287e+02
3.828882503970621656e+02
3.782190795380084296e+02
3.866340846338125061e+02
3.560899568176681100e+02
3.540617918784701601e+02
3.938527847182081700e+02
3.658066194791850307e+02
3.909003169592586460e+02
4.016022595122616963e+02
3.918687110515101040e+02
3.921765247661360263e+02
4.269282393258891375e+02
4.367306129853912466e+02
4.265492369913430935e+02
4.266461023249670461e+02
4.026431429892452911e+02
4.181631168927509634e+02
4.450561809099785364e+02
4.317368548762684668e+02
4.030903510391827353e+02
4.446140941219949241e+02
4.106624909552169811e+02
4.520559924782152166e+02
4.460576547758127504e+02
4.221262143470677302e+02
4.335542588886695512e+02
4.610817290740326371e+02
4.135947190371220472e+02
4.396917934073630363e+02
4.613586576856718580e+02
4.549346576172163168e+02
4.142695382333919838e+02
4.591657899077156344e+02
4.771992180912288291e+02
4.400928505176115664e+02
4.287583224715038455e+02
4.420924509094778045e+02
4.760154029791272592e+02
4.392264967729643104e+02
4.916289003636124448e+02
4.445502081470323787e+02
4.895136760113919081e+02
5.077446888639116196e+02
4.994771115535156127e+02
4.900624806228741477e+02
4.737167524896159989e+02
5.164753363694793507e+02
4.843655879507450095e+02
5.265294837296769401e+02
4.861777198603548982e+02
4.940417062538452342e+02
5.178553888275790769e+02
5.026203853624242015e+02
5.210933501910992618e+02
5.103380711030667953e+02
5.406354485749357082e+02
5.384329978468832678e+02
1.242029950509292213e+01
1.128286078846258533e+01
8.456241346081047539e+01
5.655759275100503913e+01
6.494677730278306171e+01
3.164202936595210147e+01
3.250667628910511553e+01
7.279512531091512528e+01
5.720110328105814546e+01
7.888377714499733884e+01
6.824823519703549835e+01
1.131993072864413961e+02
8.940815006344618610e+01
1.131724907171866619e+02
1.173087622167083168e+02
1.043442014110651712e+02
1.013777506755072579e+02
1.168895676790902201e+02
1.139007086547061505e+02
1.299915026399423539e+02
1.338052704899384366e+02
1.233217215336272972e+02
1.223473697923264467e+02
1.436998798128906003e+02
1.310277789481662012e+02
1.305554711028307224e+02
1.364970571594293460e+02
1.600498833987412297e+02
1.550033219694969375e+02
1.545903769602948330e+02
1.674428319448823004e+02
1.666615662160417060e+02
1.722765599583985932e+02
1.703230571726824678e+02
1.850568359115749217e+02
1.787877676114933649e+02
1.848543883409449222e+02
1.890368766463635950e+02
1.894591034528227738e+02
2.034873138636537817e+02
1.865898041205161917e+02
2.049646030443831251e+02
2.003131226071301967e+02
1.965128017953910557e+02
2.156840435575027186e+02
2.095102255741873591e+02
2.049688146645475797e+02
2.102781515652276312e+02
2.265349486268890757e+02
2.296396377798706396e+02
2.261284322651582670e+02
2.237086148320378811e+02
2.178751511140168873e+02
2.393775513439207998e+02
2.293433000426204273e+02
2.537103378206609534e+02
2.521381351188231861e+02
2.402799995424660153e+02
2.425085243488486810e+02
2.656209482898318015e+02
2.745652801473357840e+02
2.803500917247966981e+02
2.756122771237779148e+02
2.716587371344405142e+02
2.930263863083602018e+02
2.703828235009373202e+02
2.827263257977458011e+02
3.084462568943481529e+02
2.805804556021918756e+02
2.891056574302601234e+02
3.180459295956223400e+02
3.024009888299671616e+02
2.976467758752252166e+02
3.204028552336676512e+02
3.423564641052344655e+02
3.384138961542367383e+02
3.377363401195499932e+02
3.421597303909871357e+02
3.194682736254335396e+02
3.179197561647852694e+02
3.517528749308885949e+02
3.238784700281534583e+02
3.510471880330158569e+02
3.611222521023815375e+02
3.520155821252672581e+02
3.462318939454671067e+02
3.846905110968240820e+02
3.934772183074163081e+02
3.860692295814635600e+02
3.861660949150875126e+02
3.633700664896559260e+02
3.783173338562799586e+02
4.029304063185336418e+02
3.872214031252856898e+02
3.660360533663255751e+02
4.041340867121157316e+02
3.718178940437194910e+02
4.075816382353904714e+02
4.015833005329877778e+02
3.825007959624217051e+02
3.937084758521987169e+02
4.175588063999809378e+02
3.754121230454783813e+02
3.950716151860653440e+02
4.171117684184663972e+02
4.104603033743915717e+02
3.794006886865245747e+02
4.188437119364792238e+02
4.336762954171769593e+02
3.972251809280776342e+02
3.907229463330224348e+02
4.032478539979805419e+02
4.358712010590454042e+02
4.025878954872027293e+02
4.481059776895605182e+02
4.080200086883376684e+02
4.493694740913102237e+02
4.639892485940935671e+02
4.596313285170451195e+02
4.503145219767965841e+02
4.348721555781190204e+02
4.763311344493977799e+02
4.482410876286376720e+02
4.830065610556251272e+02
4.499054735321341809e+02
4.556173687771145637e+02
4.780096057911087541e+02
4.630832857260568858e+02
4.822487532796026812e+02
4.739415026915220892e+02
4.996922391022814622e+02
5.022437052356597746e+02
1.791928251468380751e+01
7.340876772459867539e+01
4.514350119199358602e+01
7.167002277286957224e+01
2.270101872973641122e+01
2.429658961911725967e+01
7.632358037657739658e+01
5.285900443986407993e+01
6.772451448990052825e+01
6.138065191669566190e+01
1.007891245303136287e+02
8.156371032434869051e+01
1.014750793772790587e+02
1.179154883688160425e+02
1.038772014990445740e+02
9.732039115984751732e+01
1.174300687514008672e+02
1.085826961078778794e+02
1.313697601182161065e+02
1.247024289294805612e+02
1.199676916217543123e+02
1.199795318599923206e+02
1.450781372911643246e+02
1.222060300085767466e+02
1.264575146115251556e+02
1.364009380720680156e+02
1.559296561013054543e+02
1.470589719529893102e+02
1.486377436199450699e+02
1.668194064433723440e+02
1.593294541478085478e+02
1.673730171058897156e+02
1.641907088452912831e+02
1.799022978701186446e+02
1.710991287015187368e+02
1.798605742149292439e+02
1.849088911245726194e+02
1.841076522923496555e+02
1.993593283418626925e+02
1.803210466574231816e+02
1.998236861773039266e+02
1.938794954595888953e+02
1.904809563919133950e+02
2.115560580357114873e+02
2.054122690828818065e+02
2.024393780365766133e+02
2.042463061617499704e+02
2.213940317598096783e+02
2.255116522580794935e+02
2.220304757738527144e+02
2.183571636715648197e+02
2.118433057105392550e+02
2.352795948526152472e+02
2.233971123272863792e+02
2.495823522988699210e+02
2.480401786275176335e+02
2.345220250440876271e+02
2.370011690010367147e+02
2.615229917985262773e+02
2.698508160097908899e+02
2.762521352334911739e+02
2.715143206324723906e+02
2.659007626360620975e+02
2.887504164167536373e+02
2.662848670096317960e+02
2.773748746372726828e+02
3.037317927568034861e+02
2.748224811038135158e+02
2.850077009389544855e+02
3.126969831001332523e+02
2.966430143315890291e+02
2.918888013768469136e+02
3.150539087381787340e+02
3.372153434310117746e+02
3.336994320166920147e+02
3.323873936240612466e+02
3.374452662534424121e+02
3.141168224649608192e+02
3.125683050043124922e+02
3.464039284353999619e+02
3.197805135368477636e+02
3.456982415375271103e+02
3.557733056068929045e+02
3.466666356297786251e+02
3.421339374541612983e+02
3.794793830430808157e+02
3.883360976331941856e+02
3.807202830859745291e+02
3.808171484195984249e+02
3.580211199941671794e+02
3.729683873607909845e+02
3.976073246271704420e+02
3.825480364958986002e+02
3.619380968750197667e+02
3.987851402166267007e+02
3.664664428832468275e+02
4.028671740978453499e+02
3.968688363954428269e+02
3.771518494669325037e+02
3.883595293567095723e+02
4.124176857257587585e+02
3.713141665541725729e+02
3.905029750269931128e+02
4.123973042809213325e+02
4.057458392368464501e+02
3.740492375260519111e+02
4.134947654409901361e+02
4.285351747429548368e+02
3.931272244367717690e+02
3.866249898417166264e+02
3.978964028375078215e+02
4.305222545635563165e+02
3.984899389958969209e+02
4.429648570153383957e+02
4.026685575278650049e+02
4.440205275958211359e+02
4.590806455156372863e+02
4.542823820215560318e+02
4.449655754813074964e+02
4.295207044176463569e+02
4.709821879539086922e+02
4.441431311373318636e+02
4.778654403814030047e+02
4.445540223716615174e+02
4.502659176166419002e+02
4.726606592956196664e+02
4.577343392305677980e+02
4.768973021191300177e+02
4.685900515310494256e+02
4.949777749647360565e+02
4.973362427696815757e+02
9.131570435214044323e+01
6.305043781953532545e+01
5.456612226116265418e+01
2.890130889509781298e+01
2.911130804892801294e+01
6.156446928422536757e+01
4.935715953469711081e+01
7.691876559543868552e+01
6.202408479971373367e+01
1.116151410148746237e+02
8.399209254410932601e+01
1.114869669379134933e+02
1.060299807369209475e+02
9.398251987746667169e+01
9.292137136597759195e+01
1.061454761528288344e+02
1.063430753466021912e+02
1.188647447206850529e+02
1.296105272570229090e+02
1.142138906867223795e+02
1.131795139769664615e+02
1.324707537249907432e+02
1.262315940961732537e+02
1.223134184516426330e+02
1.260508983953250777e+02
1.493057918724798299e+02
1.495872644501599211e+02
1.473860945287711672e+02
1.569966731807779752e+02
1.600014265895619303e+02
1.640345073072105322e+02
1.632459903019022533e+02
1.768147832603868039e+02
1.729666278734744651e+02
1.744927068073462522e+02
1.807948239951754488e+02
1.818019060266579174e+02
1.952452612124656355e+02
1.795127372497360625e+02
1.967225503931950072e+02
1.911452667917701262e+02
1.894357349246110402e+02
2.074419909063146008e+02
2.012681729229992413e+02
1.958009588491875377e+02
2.032010846944476157e+02
2.182928959757009864e+02
2.213975851286825502e+02
2.178863796139701492e+02
2.160037234249005280e+02
2.106496657006370583e+02
2.311354986927326820e+02
2.218602572979182526e+02
2.454682851694728640e+02
2.438960824676350683e+02
2.327969567977638405e+02
2.349589058586058457e+02
2.573788956386437121e+02
2.663232274961476378e+02
2.721080390736086656e+02
2.673702244725897117e+02
2.641756943897381689e+02
2.847843336571719419e+02
2.621407708497491740e+02
2.750214343906085332e+02
3.002042042431601772e+02
2.730974128574893598e+02
2.808636047790719203e+02
3.101614914306195487e+02
2.949179460852645320e+02
2.901637331305224734e+02
3.125184170686648599e+02
3.341144114540462624e+02
3.301718435030485352e+02
3.298519019545470883e+02
3.339176777397989326e+02
3.117633822182964423e+02
3.102148647576482290e+02
3.438684367658859173e+02
3.156364173769652552e+02
3.431627498680131225e+02
3.532378139373788031e+02
3.441311439602645805e+02
3.379898412942789037e+02
3.764484584456358789e+02
3.852351656562281050e+02
3.781847914164603139e+02
3.782816567500842666e+02
3.554856283246531348e+02
3.704328956912770536e+02
3.946883536673454387e+02
3.789793504740974868e+02
3.577940007151373720e+02
3.962496485471123151e+02
3.640851579741901674e+02
3.993395855842022684e+02
3.933412478817995748e+02
3.746163577974184022e+02
3.858240376871955277e+02
4.093167537487927348e+02
3.671700703942901782e+02
3.868295625348771409e+02
4.088697157672781941e+02
4.022182507232033686e+02
3.716957972793873068e+02
4.109592737714758073e+02
4.254342427659887562e+02
3.889831282768894312e+02
3.824808936818342318e+02
3.954896738459386825e+02
4.279867628940419877e+02
3.943458428360145263e+02
4.398639250383723152e+02
4.003151172812001732e+02
4.414850359263068071e+02
4.557471959429053641e+02
4.517468903520417030e+02
4.424300838117931676e+02
4.271394195085890146e+02
4.684466962843943634e+02
4.399990349774494689e+02
4.747645084044369241e+02
4.422005821249967426e+02
4.478846327075843305e+02
4.701251676261053376e+02
4.551988475610534692e+02
4.745160172100722207e+02
4.662087666219916287e+02
4.914501864510932592e+02
4.940016525844715716e+02
2.868071988757361623e+01
4.074536503549565225e+01
7.484100703570854307e+01
7.745666145516372580e+01
5.877618149683493698e+01
1.067086329396117463e+02
6.573881345986670510e+01
1.029989095610947629e+02
6.322074796121303564e+01
1.012198101051726695e+02
7.647559888016164109e+01
7.374411134074013319e+01
1.090179206269136216e+02
1.324040913750594370e+02
1.023220584360896908e+02
1.478057368918372845e+02
1.027242108526850188e+02
1.113598822417867495e+02
1.453728873501326291e+02
1.330685569102350314e+02
1.111428278073183975e+02
1.170283529161976048e+02
1.608165762647620625e+02
1.253696674485964451e+02
1.321117282064966503e+02
1.418696416155512168e+02
1.704025341430269975e+02
1.510877075683303588e+02
1.626867066849612513e+02
2.040365719852494806e+02
1.751188121221528036e+02
2.146280301660489442e+02
1.679429663157927166e+02
1.689086520656915695e+02
2.174356287496037510e+02
2.149353849164431551e+02
2.321562040118405150e+02
1.844181675198416315e+02
2.357907544691424562e+02
1.894658905212999116e+02
1.972700861146173565e+02
2.444963285207998354e+02
2.348188129075362838e+02
2.018100339466942046e+02
2.074557960806222638e+02
2.567454817176500796e+02
2.580995627300551973e+02
2.532248708742361885e+02
2.487987596833739872e+02
2.227964755927486351e+02
2.656897502351425828e+02
2.331782151222545281e+02
2.820928861446935230e+02
2.796516336274042942e+02
2.477366706168237727e+02
2.607520613876878315e+02
2.936925158351126584e+02
3.034900335435835927e+02
3.084216592700776118e+02
2.976981595484361378e+02
2.804999180625234203e+02
3.211772795151300670e+02
2.830630084220636604e+02
3.037729548086634850e+02
3.372233131341841954e+02
2.928776442134712852e+02
3.027454755858882436e+02
3.422954560191610085e+02
3.139413023896334494e+02
3.103594358346078366e+02
3.446000929231748273e+02
3.705422230807812412e+02
3.672722936200950130e+02
3.625705341910446009e+02
3.710181278568455241e+02
3.365951156534493975e+02
3.342453614843336709e+02
3.782042393712445119e+02
3.409918075721445803e+02
3.752517716122948741e+02
3.859537141652980949e+02
3.762201657045463321e+02
3.677604408647289915e+02
4.112796939789255930e+02
4.212697999775676294e+02
4.109006916443795490e+02
4.109975569780035016e+02
3.855991161226859845e+02
4.025145715457876463e+02
4.294076355630151625e+02
4.127183566833148802e+02
3.809189466186518871e+02
4.289655487750314933e+02
3.926398616752500743e+02
4.364400357012487461e+02
4.303723505955869655e+02
4.055840335870429385e+02
4.179057135417060067e+02
4.460366210130836180e+02
3.907589418749699917e+02
4.185297754327548887e+02
4.459701658843245582e+02
4.392635921653163109e+02
3.938391423000064719e+02
4.435172445607524310e+02
4.621541100302796394e+02
4.166367051293386794e+02
4.061664412161330802e+02
4.237891195921677649e+02
4.603668576321640558e+02
4.179003073246883559e+02
4.765837923026629142e+02
4.244880868130749718e+02
4.738651306644287047e+02
4.926995808029620889e+02
4.838285662065524093e+02
4.744139352759109443e+02
4.537052818706593484e+02
5.008267910225163178e+02
4.635556580117080330e+02
5.114843756687276937e+02
4.659874793279334995e+02
4.739795849198880546e+02
5.022068434806161008e+02
4.837015170093263237e+02
5.011427263716348648e+02
4.901423593293886256e+02
5.185806585752546880e+02
5.179246096932791943e+02
6.719141119418533492e+01
4.664380155904068204e+01
4.925945597849584345e+01
8.111718850861734609e+01
8.084923383970561872e+01
5.109496009317161480e+01
7.857413876703462563e+01
6.620731360882170691e+01
8.391255139607766012e+01
7.401328946529591235e+01
8.101258465935860897e+01
1.286680736185091121e+02
1.234170436785505842e+02
1.160779167297718146e+02
1.279043362540540727e+02
1.111437056943577062e+02
1.075060287760501865e+02
1.461741370269112679e+02
1.498532903390899946e+02
1.161804057189818877e+02
1.118892221556793345e+02
1.490583348089760989e+02
1.351355739562470433e+02
1.348261918414044089e+02
1.378879118712363834e+02
1.552933726562049515e+02
1.543724915111939424e+02
1.577229324999975688e+02
1.865376748491415810e+02
1.661826586338359277e+02
1.979637466804077519e+02
1.649537064570120322e+02
1.689158218942775136e+02
2.053980249009813122e+02
1.994159237055016831e+02
2.194180454601577992e+02
1.798195183468825746e+02
2.186333305442660446e+02
1.872461154811856261e+02
1.926658851110865385e+02
2.308408566236013257e+02
2.271718959389833401e+02
2.003085505245589104e+02
2.043619172840321028e+02
2.402036761267718532e+02
2.450053655231378684e+02
2.432106096758299998e+02
2.335472750307181400e+02
2.163633146264538993e+02
2.564608395219296426e+02
2.279281522890619556e+02
2.690372686829380200e+02
2.688231510359919412e+02
2.396369279341667777e+02
2.466840859881926633e+02
2.820754752213069310e+02
2.889180675542576751e+02
2.961383800708301806e+02
2.928487341962722326e+02
2.721848345918859309e+02
3.078176679612200246e+02
2.808882795794812637e+02
2.894922900507651207e+02
3.227990443012699870e+02
2.829173662556333397e+02
2.995472558888963590e+02
3.270562408177602265e+02
3.045358928407753751e+02
3.003371678986786151e+02
3.293608777217740453e+02
3.547777706480046049e+02
3.521071125566670048e+02
3.473313189896436484e+02
3.559445686599048599e+02
3.252652384578881311e+02
3.232370735186902380e+02
3.629650241698433319e+02
3.350099195568569144e+02
3.600125564108938079e+02
3.707144989638968582e+02
3.609809505031452659e+02
3.634683510179612540e+02
3.960404787775242994e+02
4.059210524916654208e+02
3.956614764429782554e+02
3.957583417766022080e+02
3.717553824408804530e+02
3.872753563443861253e+02
4.141684203616136983e+02
4.016152880403653285e+02
3.722656326794029269e+02
4.137263335736300860e+02
3.797747304068521430e+02
4.212813868726206010e+02
4.156815505687509358e+02
3.912384537987028921e+02
4.026664983403047131e+02
4.302721685803067544e+02
3.827980191147939308e+02
4.095702265714597843e+02
4.305490971919460321e+02
4.245022807273571743e+02
3.834448198736122890e+02
4.282780293593507963e+02
4.463896575975030032e+02
4.092961505952834500e+02
3.979336041117240370e+02
4.112046903611129665e+02
4.451276424307624211e+02
4.084017784131846156e+02
4.608193398698865622e+02
4.137254897872526840e+02
4.586259154630270700e+02
4.769351283701857369e+02
4.685893510051507747e+02
4.591747200745093096e+02
4.428289919412511608e+02
4.855875758211146831e+02
4.535408695909653147e+02
4.957199232359513417e+02
4.553530015005752034e+02
4.632169878940655394e+02
4.869676282792144661e+02
4.717326248140593634e+02
4.902055896427346511e+02
4.795133527432871006e+02
5.098107302151564113e+02
5.076082794871039141e+02
7.246423636754961706e+01
7.090971182627406222e+01
2.603610126721920892e+01
6.641378317537731846e+01
8.719967008554888821e+01
8.544648390128696747e+01
6.350215415168958799e+01
1.090643626607406418e+02
8.038155570741123768e+01
6.370995347373666817e+01
7.619177355895969583e+01
9.535222870694992992e+01
7.671173671815684258e+01
1.150952090672618908e+02
8.509946588110010168e+01
1.089554835967235817e+02
1.110198244306273381e+02
1.006505554122060175e+02
9.722021940551516650e+01
1.182003939505679853e+02
1.249374785156445427e+02
1.013753788148167132e+02
1.177000072404524644e+02
1.365055785764141945e+02
1.587229426129304102e+02
1.334922465270074383e+02
1.585062339551800790e+02
1.685531528401116930e+02
1.723178670384561144e+02
1.825212009087222782e+02
1.585797979106940545e+02
1.521557979334247079e+02
1.829912889257583402e+02
1.885508520076440391e+02
1.977118675210614640e+02
1.757694524236145242e+02
2.024264133174286826e+02
1.727728296569134727e+02
1.874456706280818707e+02
2.100505507583835936e+02
2.015096419590269079e+02
1.808741611224805013e+02
1.920896917611523520e+02
2.220435937833259175e+02
2.237358818215759868e+02
2.192223202627065461e+02
2.225698509592363052e+02
2.095301119233770066e+02
2.324223338135805079e+02
2.124214961943858100e+02
2.477474268422556918e+02
2.456490830158744529e+02
2.289545115191593254e+02
2.420586722740092682e+02
2.593976724079811902e+02
2.690460867467223238e+02
2.741268158429461437e+02
2.659492615227682677e+02
2.558120200055431610e+02
2.868824360879987694e+02
2.558747740394692869e+02
2.817703803715942286e+02
3.027793663373229833e+02
2.717595470104398032e+02
2.756326592720499207e+02
3.166193798017831682e+02
2.895191522507238346e+02
2.878610678263393083e+02
3.189763054398284225e+02
3.382267318071076261e+02
3.328283468232344262e+02
3.362969146128659190e+02
3.365741810599849941e+02
3.162646519206668358e+02
3.131592321864217183e+02
3.503070726601688420e+02
3.129850287327541878e+02
3.496181433548840118e+02
3.596828265956974064e+02
3.505890323314280295e+02
3.360115428390610077e+02
3.800873331946197027e+02
3.883615799165923477e+02
3.846298040747786899e+02
3.847266694084026426e+02
3.619435166958163563e+02
3.768907840624401047e+02
3.983272284163294330e+02
3.809694586576468396e+02
3.539337886741703301e+02
4.025452541598779703e+02
3.705432188167625327e+02
4.019960889043880456e+02
3.959284037987262650e+02
3.810742461685815670e+02
3.922819260583585788e+02
4.121320592129704323e+02
3.637737839304885483e+02
3.867808774070866775e+02
4.115262190874639714e+02
4.048196453684556104e+02
3.690956941847882149e+02
4.174042864297942970e+02
4.282207025812455754e+02
3.870080230066257059e+02
3.791812832716514663e+02
4.019475622171016198e+02
4.344317755523603068e+02
3.909151493802066284e+02
4.428483499050490195e+02
4.019310586637618030e+02
4.479300485846252400e+02
4.584036992630911413e+02
4.582047787232052656e+02
4.488879721829565597e+02
4.311685431787061020e+02
4.748917089427127962e+02
4.365705000672268739e+02
4.775379802971568211e+02
4.418569582706587084e+02
4.514428462279348082e+02
4.765830559972686729e+02
4.616567359322169182e+02
4.778149902812643290e+02
4.654173103443999366e+02
4.904051780529751454e+02
4.909394517487976941e+02
2.639988587623653515e+00
7.152546849934614670e+01
3.544815626545513965e+01
4.841899232536317044e+01
3.986049700587495437e+01
8.776658218703032333e+01
5.892847726105810580e+01
8.293746365814193666e+01
1.048342642636045667e+02
9.015983603903212895e+01
7.963269503469759059e+01
1.074897216064798897e+02
8.806818100225915202e+01
1.224249054395245224e+02
1.023990157166451382e+02
1.023783705250202161e+02
1.048573969887703612e+02
1.242583936972468877e+02
9.966407212458642562e+01
1.073246059159916541e+02
1.233167447491655651e+02
1.336306076710779962e+02
1.244167490790779027e+02
1.273351245846316857e+02
1.515849345310672902e+02
1.367463266643038651e+02
1.471432807125981128e+02
1.424401215467916870e+02
1.593843958792537308e+02
1.484638956382282515e+02
1.572183513410179501e+02
1.649193118851033546e+02
1.635881731713277816e+02
1.793697491023935129e+02
1.583937456434151159e+02
1.795106883887464164e+02
1.712566926923876451e+02
1.689287325808331559e+02
1.915111822926021432e+02
1.861389765177966353e+02
1.833417581680398882e+02
1.826572223038812410e+02
2.010810339712523955e+02
2.055220730186103140e+02
2.023869576446700762e+02
1.978376845505429742e+02
1.905354519671006699e+02
2.156360767234327511e+02
2.020892585838478794e+02
2.295927730594007414e+02
2.283444380201140689e+02
2.133717484607411166e+02
2.164816898800148692e+02
2.416058014628216313e+02
2.495883932232582367e+02
2.563349448977867269e+02
2.519589840744455955e+02
2.453183893460400498e+02
2.684879936302211263e+02
2.471443468595711010e+02
2.568553955162507805e+02
2.834693699702711456e+02
2.542401078137914112e+02
2.658160960407475386e+02
2.921775039791117479e+02
2.760606410415668392e+02
2.713064280868248375e+02
2.945344296171571159e+02
3.168019146698429722e+02
3.134370092301597879e+02
3.118679145030393443e+02
3.171828434669101284e+02
2.935973433439392579e+02
2.920488258832909878e+02
3.258844493143780028e+02
3.005889086386408735e+02
3.251787624165052080e+02
3.352538264858709454e+02
3.261471565087567228e+02
3.225786008961346170e+02
3.589599039220589134e+02
3.679451965135035039e+02
3.602008039649525699e+02
3.602976692985765226e+02
3.375016408731452771e+02
3.524489082397690822e+02
3.770878455061484829e+02
3.622856137093668281e+02
3.427464919768128766e+02
3.782656610956047416e+02
3.459469637622249252e+02
3.826047513113135778e+02
3.766064136089110548e+02
3.566323703459106014e+02
3.678400502356877269e+02
3.921046879372019021e+02
3.521225616559656260e+02
3.702405522404613976e+02
3.921348814943895604e+02
3.854834164503146781e+02
3.535297584050299520e+02
3.929752863199682338e+02
4.082221769543979804e+02
3.735718878787450876e+02
3.674333849435094521e+02
3.773769237164859192e+02
4.100027754425344142e+02
3.790929297973784742e+02
4.226518592267815393e+02
3.821490784068430457e+02
4.235010484747992336e+02
4.387676477270804298e+02
4.337629029005341295e+02
4.244460963602855941e+02
4.090012252966243977e+02
4.504627088328867899e+02
4.237637885471424397e+02
4.575524425928461483e+02
4.240345432506395582e+02
4.297464384956199410e+02
4.521411801745977641e+02
4.372148601095458957e+02
4.563778229981080585e+02
4.480705724100274665e+02
4.747153521782042844e+02
4.768167636486596166e+02
6.974119284173833933e+01
3.282033629784193351e+01
4.866670148861204837e+01
3.771248574406265419e+01
8.832024177297432743e+01
5.742778996030274641e+01
8.318517282139086433e+01
1.052562068894679328e+02
8.758890431646909747e+01
7.701319514150191026e+01
1.050683239420765460e+02
8.573110419699314377e+01
1.202448051240508988e+02
1.014051376909552857e+02
9.975887063182449310e+01
1.022281701479163303e+02
1.234843463160798933e+02
9.862322354151227444e+01
1.049563550988947043e+02
1.207458130266025336e+02
1.327269102027002816e+02
1.229262505595062152e+02
1.252040591217222527e+02
1.500471349143462305e+02
1.351170937370155514e+02
1.448062039073321330e+02
1.404688038929224945e+02
1.570473190739876941e+02
1.469518317039230340e+02
1.557278528214463620e+02
1.625822350798372895e+02
1.612510963660617449e+02
1.770326722971274478e+02
1.565962640971615940e+02
1.771736115834803797e+02
1.697178151425704016e+02
1.669574149269640202e+02
1.891741054873361350e+02
1.838018997125305987e+02
1.817125252407516314e+02
1.806859046500121053e+02
1.987439571659863589e+02
2.031849962133443626e+02
2.000498808394040395e+02
1.955006077452769375e+02
1.884043865041914501e+02
2.132989999181667145e+02
1.999581931209386596e+02
2.272556962541347900e+02
2.260073612148481175e+02
2.112406829978318967e+02
2.141446130747488326e+02
2.392687246575556799e+02
2.472513164179920864e+02
2.539978680925207470e+02
2.496219072691795589e+02
2.429813125407740131e+02
2.661509168249549475e+02
2.447760960424739380e+02
2.545183187109847438e+02
2.811322931650049668e+02
2.519030310085253745e+02
2.634478452236501198e+02
2.898404271738456828e+02
2.737235642363007742e+02
2.689693512815587724e+02
2.921973528118910508e+02
3.144648378645769071e+02
3.110999324248936091e+02
3.095308376977732792e+02
3.148457666616439496e+02
2.912602665386731928e+02
2.897117490780249227e+02
3.235473725091119377e+02
2.982206578215433979e+02
3.228416856112391429e+02
3.329167496806048803e+02
3.238100797034906577e+02
3.202415240908687224e+02
3.566228271167928483e+02
3.656081197082374388e+02
3.578637271596865048e+02
3.579605924933104575e+02
3.351645640678792120e+02
3.501118314345030171e+02
3.747507687008824178e+02
3.599485369041006493e+02
3.403782411597156283e+02
3.759285842903386765e+02
3.436098869569588601e+02
3.802676745060473991e+02
3.742693368036448760e+02
3.542952935406445363e+02
3.655029734304216618e+02
3.897676111319358370e+02
3.497543108388683777e+02
3.679034754351952188e+02
3.897978046891233816e+02
3.831463396450484993e+02
3.511926815997638869e+02
3.906382095147021687e+02
4.058851001491319153e+02
3.712348110734791931e+02
3.650651341264122038e+02
3.750398469112198541e+02
4.076656986372683491e+02
3.767558529921124091e+02
4.203147824215154742e+02
3.798120016015769806e+02
4.211639716695331686e+02
4.364305709218143647e+02
4.314258260952680644e+02
4.221090195550195290e+02
4.066641484913583326e+02
4.481256320276207248e+02
4.214267117418763746e+02
4.552153657875800832e+02
4.216974664453734931e+02
4.274093616903538759e+02
4.498041033693316990e+02
4.348777833042798306e+02
4.540407461928419934e+02
4.457334956047614014e+02
4.723782753729381056e+02
4.744796868433935515e+02
5.634160192634898578e+01
8.843604821097011381e+01
7.558295209453996222e+01
5.228571365237493751e+01
9.802664732328574360e+01
6.788006450341745790e+01
4.465424962418745025e+01
5.125266187434348808e+01
7.431636134848798747e+01
5.115944153858384169e+01
9.559783141584910027e+01
6.046233878394657779e+01
9.023460766600086913e+01
8.708985237245232724e+01
7.571144372758989505e+01
7.329000311231447995e+01
1.004454401424899856e+02
1.023022789399156807e+02
7.547959246739776518e+01
9.310698231238377787e+01
1.142057330021669657e+02
1.387948635340481474e+02
1.081481090003456842e+02
1.352879958585635904e+02
1.457535370075691787e+02
1.493823122497148290e+02
1.605386643928797525e+02
1.337410230707058076e+02
1.265037090389709249e+02
1.591525937719234207e+02
1.675900131511627649e+02
1.738731690341602132e+02
1.509306775836265331e+02
1.790078659470439675e+02
1.468770433094946668e+02
1.623496148402088579e+02
1.862132935431195619e+02
1.770926003062913026e+02
1.551317628916130786e+02
1.662956368402981582e+02
1.984624467399697494e+02
1.998165277523748102e+02
1.950737718100952520e+02
2.013270852948326990e+02
1.838251392904766988e+02
2.082737853609691854e+02
1.868442737103613638e+02
2.238098511670132780e+02
2.215005345632631588e+02
2.033772890351348224e+02
2.210978334175281930e+02
2.354094808574322713e+02
2.452069985659031204e+02
2.501386242923970542e+02
2.409677286543181083e+02
2.306779101972738886e+02
2.628942445374495378e+02
2.307928779185123460e+02
2.607053297027940175e+02
2.789402781565035525e+02
2.463780127578762063e+02
2.505604596892064535e+02
2.951618237653159440e+02
2.643850424424545622e+02
2.627269580180699791e+02
2.975187494033611983e+02
3.143876436262873995e+02
3.089892586424143701e+02
3.148393585763990927e+02
3.127350928791648244e+02
2.909854057074406910e+02
2.880016270854476943e+02
3.274526078776036684e+02
2.880034958643045115e+02
3.281605873184171287e+02
3.382252705592305801e+02
3.291314762949610895e+02
3.110300099706112178e+02
3.562482450137992487e+02
3.645224917357720074e+02
3.626129447340658203e+02
3.619276735256477764e+02
3.401803525279985934e+02
3.554332280259735057e+02
3.744881402355093201e+02
3.559879257891969928e+02
3.288143821147464223e+02
3.787061659790579711e+02
3.465956214784321787e+02
3.781570007235680464e+02
3.720893156179062657e+02
3.596166901321149680e+02
3.708243700218919798e+02
3.882929710321503194e+02
3.386543773710645269e+02
3.617993445386368307e+02
3.876871309066438585e+02
3.809805571876356112e+02
3.439762876253642503e+02
3.940393468762021598e+02
4.043816144004254625e+02
3.620264901381758591e+02
3.540618767122276722e+02
3.771871602291308250e+02
4.129742195158938216e+02
3.657957428207829480e+02
4.190092617242289066e+02
3.767969488554928148e+02
4.264724925481587547e+02
4.345646110822710284e+02
4.367472226867387803e+02
4.274304161464900744e+02
4.060344333704371707e+02
4.534341529062463110e+02
4.114510935078031366e+02
4.536988921163367081e+02
4.167375517112349712e+02
4.263087364196658768e+02
4.551254999608021876e+02
4.369368511130831507e+02
4.526955837218403644e+02
4.402979037849760857e+02
4.654236451845252986e+02
4.658200451893737863e+02
5.897047388826267422e+01
1.938726253138277400e+01
9.648765306400517261e+01
4.266323398677815959e+01
8.420129617791816656e+01
9.246589801325744418e+01
5.730484443678691520e+01
4.461632150403176666e+01
7.731175627425820096e+01
5.735488401924062885e+01
9.362122901416043419e+01
9.122956452961859952e+01
6.726362196593854037e+01
6.951041340598922602e+01
1.060798673509375760e+02
8.486443952608405539e+01
7.363354282818436047e+01
9.050291865137167235e+01
1.144227768585139984e+02
1.061067876677296056e+02
9.918205411651344150e+01
1.177143682716286008e+02
1.130998878347782295e+02
1.152747403659996195e+02
1.157658908341242636e+02
1.280149980216505128e+02
1.261141343958590539e+02
1.326340580062028778e+02
1.321149483717171620e+02
1.328930462078232040e+02
1.465653855890073487e+02
1.320326377819581865e+02
1.479227651544586593e+02
1.458120968263577879e+02
1.419482739181512727e+02
1.587621152828562572e+02
1.525882972995409261e+02
1.504232118350090559e+02
1.557136236879880187e+02
1.694931107369645247e+02
1.727177095052242066e+02
1.692065039905118340e+02
1.670948636060658714e+02
1.621657699265226995e+02
1.824556230692743952e+02
1.733763615238039222e+02
1.967884095460145204e+02
1.952162068441766962e+02
1.843130610236497375e+02
1.860362967405577024e+02
2.086990200151854253e+02
2.176433518726894079e+02
2.234281634501503220e+02
2.186903488491315386e+02
2.155333629768799426e+02
2.361044580337137120e+02
2.134608952262908872e+02
2.261125745717739051e+02
2.515243286197018335e+02
2.244077478403819725e+02
2.321837291556136620e+02
2.612526316117849774e+02
2.462282810681573153e+02
2.414296321139123336e+02
2.636095572498302317e+02
2.853146262153099997e+02
2.814919678795900495e+02
2.809430421357126306e+02
2.852378021163404469e+02
2.628545223994618141e+02
2.613060049388136576e+02
2.949595769470512323e+02
2.669565417535069400e+02
2.942538900491784943e+02
3.043289541185441180e+02
2.952222841414298955e+02
2.893099656708204748e+02
3.276486732068995593e+02
3.364353804174918423e+02
3.292759315976257994e+02
3.293727969312497521e+02
3.065767685058183929e+02
3.215240358724425391e+02
3.458885684286091760e+02
3.302994748506389442e+02
3.091141250916788863e+02
3.473407887282777438e+02
3.151762981553554823e+02
3.506597099607437258e+02
3.446613722583410322e+02
3.257074979785838877e+02
3.369151778683610132e+02
3.605169685100564720e+02
3.184901947708316925e+02
3.381496869114185984e+02
3.601898401438196515e+02
3.535383750997448260e+02
3.227869374605527923e+02
3.620504139526412359e+02
3.766344575272524935e+02
3.403032526534308317e+02
3.338010180583757460e+02
3.465808140271041111e+02
3.790779030752074164e+02
3.456659672125560405e+02
3.910641397996360524e+02
3.514062574623656019e+02
3.925761761074722358e+02
4.070673203194468215e+02
4.028380305332071316e+02
3.935212239929585962e+02
3.782305596897544433e+02
4.195378364655597920e+02
3.913191593539909832e+02
4.259647231657006614e+02
3.932917223061621712e+02
3.989757728887497592e+02
4.212163078072707663e+02
4.062899877422188979e+02
4.256071573912376493e+02
4.172999068031570573e+02
4.427703108276347166e+02
4.453217769610130858e+02
4.310710397498827007e+01
4.047988645803567209e+01
3.548100475227356299e+01
3.466610614333753659e+01
5.688177729724014853e+01
1.112472060016564512e+02
8.527906536303746066e+01
9.328763855369412283e+01
8.206693153893806425e+01
8.068400542053620939e+01
6.145421126056758965e+01
1.063648085251867315e+02
1.152413591743004844e+02
7.804131936685722337e+01
6.286037068092829827e+01
1.053691497436256697e+02
1.018138571348039676e+02
9.124181481677757688e+01
8.939321122267195108e+01
1.057435435754089355e+02
1.104059259566352722e+02
1.080503070448471306e+02
1.386756958969701259e+02
1.162806739817548021e+02
1.492875882768614417e+02
1.163904969962136420e+02
1.224377466699834685e+02
1.579853372935830293e+02
1.499023385264941624e+02
1.715447502784575704e+02
1.304917530511751522e+02
1.701823865470677219e+02
1.391268993149661810e+02
1.430139445956596091e+02
1.828344397445088703e+02
1.806000357544921258e+02
1.520246551541584665e+02
1.550661195138361279e+02
1.917527321295734453e+02
1.969645164566822189e+02
1.958410309940670686e+02
1.840141385276369022e+02
1.664619121931372945e+02
2.090739838981048706e+02
1.780267498557454076e+02
2.209964196164822567e+02
2.210532976322991772e+02
1.897371307337159294e+02
1.970706078749625476e+02
2.342565661544439308e+02
2.400485465968122014e+02
2.480975310043745310e+02
2.455396431603290921e+02
2.222886089296914349e+02
2.597768188947645740e+02
2.309868771461645736e+02
2.399424609699689768e+02
2.747581952348145933e+02
2.330211405934388722e+02
2.496458534555795552e+02
2.775231043146786192e+02
2.546396671785807371e+02
2.504861689446209425e+02
2.798277412186924948e+02
3.055091766908323052e+02
3.028385185994946482e+02
2.977981824865622684e+02
3.066759747027324465e+02
2.754777183385557464e+02
2.734495533993579670e+02
3.134318876667619520e+02
2.851136938946619352e+02
3.104794199078124279e+02
3.211813624608155351e+02
3.114478140000638291e+02
3.158361697747313883e+02
3.465073422744431468e+02
3.564974482730851264e+02
3.461283399398970460e+02
3.462252052735209986e+02
3.222222459377991868e+02
3.377422198413050296e+02
3.646352838585325458e+02
3.533622871174054580e+02
3.224781125600700307e+02
3.641931970705489334e+02
3.302415939037709904e+02
3.720127929154484150e+02
3.664129566115787497e+02
3.417053172956216258e+02
3.531333618372235605e+02
3.810035746231345115e+02
3.329017934525992359e+02
3.615293775050045042e+02
3.812805032347737324e+02
3.752336867701848746e+02
3.336572997542792791e+02
3.787448928562696437e+02
3.971210636403305330e+02
3.593999249330887551e+02
3.481460839923911408e+02
3.616715538580318139e+02
3.955945059276812685e+02
3.586142582938516057e+02
4.115507459127138077e+02
3.639379696679197309e+02
4.090927789599459174e+02
4.276665344130129824e+02
4.190562145020696221e+02
4.096415835714281570e+02
3.931551647255041075e+02
4.360544393180335305e+02
4.037533494716323048e+02
4.464513292787785872e+02
4.055654813812421935e+02
4.134294677747325863e+02
4.374344917761332567e+02
4.221994883109782108e+02
4.405926092264797376e+02
4.297258326239540906e+02
4.600232100958234014e+02
4.578207593677709042e+02
7.844455913699950145e+01
2.400242937335660542e+01
6.556287247374717708e+01
9.156480585003197348e+01
6.852974048172259813e+01
4.586568125537237961e+01
9.116678563667436208e+01
5.029185162001579101e+01
1.048337972290508588e+02
7.225067272224437431e+01
6.813452218546096617e+01
7.516252328002958905e+01
9.668341072798622804e+01
6.656530610413473426e+01
7.066530841295218579e+01
1.000474877781681187e+02
1.030957370988489714e+02
8.855706312030524430e+01
8.757719742458027667e+01
1.181120521208950862e+02
9.854872029819313184e+01
1.093709387119876197e+02
1.028670658671036335e+02
1.215517864072222523e+02
1.113711067724699433e+02
1.213305007478818140e+02
1.274640245723589373e+02
1.255728462017475380e+02
1.419144617896491525e+02
1.189974036792355179e+02
1.417328206896084168e+02
1.332389585370455904e+02
1.293556769011451877e+02
1.537388402919916359e+02
1.491285236543851340e+02
1.446014964639705909e+02
1.430841666241933297e+02
1.633031662721145096e+02
1.679033491915283491e+02
1.652766093472078808e+02
1.598242627328297658e+02
1.507775248070494456e+02
1.785268391933075520e+02
1.623313314237966551e+02
1.919352523513284723e+02
1.908891507073699074e+02
1.736138213006898923e+02
1.778961847959534452e+02
2.041505141500774698e+02
2.118160512226479000e+02
2.188796575850423949e+02
2.148999506642289248e+02
2.057236650864320495e+02
2.307156516296105622e+02
2.103292130508131095e+02
2.188419736985376289e+02
2.456970279696605530e+02
2.152163776369424681e+02
2.290009622319894333e+02
2.542034388315264266e+02
2.370369108647178678e+02
2.323327720854587142e+02
2.565603644695717094e+02
2.789693051978113090e+02
2.756646672295491385e+02
2.740353050310077379e+02
2.794105014662995359e+02
2.555839215262256232e+02
2.540354040655774099e+02
2.880518398423461690e+02
2.637737748298829388e+02
2.872046972689196878e+02
2.974212170138391116e+02
2.881730913611710889e+02
2.855195674859177188e+02
3.211272944500270796e+02
3.301125870414717269e+02
3.223681944929207361e+02
3.224650598265446888e+02
2.995275757255597000e+02
3.144748430921835620e+02
3.392552360341166491e+02
3.245132717087554965e+02
3.042612368661826281e+02
3.404330516235729078e+02
3.079335419445113757e+02
3.448324093107023032e+02
3.388340716082997801e+02
3.186583051983251380e+02
3.298659850881022066e+02
3.543268202380637035e+02
3.148963698428684097e+02
3.324682102398500660e+02
3.543625394937782858e+02
3.477110744497034034e+02
3.154404240603915355e+02
3.551426768479364000e+02
3.704443092552597818e+02
3.365128544685286442e+02
3.299292082985035108e+02
3.393635018987722560e+02
3.721701659705025804e+02
3.403973825999642600e+02
3.848739915276433408e+02
3.441356565891293826e+02
3.856684390027673999e+02
4.009897800279422313e+02
3.957888377529489503e+02
3.864720312127003012e+02
3.709878034789108483e+02
4.126300993608549561e+02
3.855364737777450159e+02
4.197745748937079497e+02
3.860211214329258951e+02
3.917330166779063916e+02
4.141671150270122439e+02
3.992407949619604892e+02
4.183644011803945091e+02
4.100571505923138034e+02
4.369430101775930098e+02
4.388033418309459535e+02
6.244659006947941293e+01
1.729359525992773072e+01
1.752400682977774693e+01
7.603569825926031456e+01
1.091987720999882185e+02
5.581149513124069017e+01
1.061730906485300210e+02
4.626193398012361513e+01
4.906863381652323142e+01
1.122536011816803949e+02
9.467096187025443044e+01
5.006674528057271800e+01
5.707944805404704169e+01
1.292753202430192516e+02
7.008680012036937512e+01
7.024343855445161466e+01
7.949433349032514684e+01
1.141558658787951117e+02
8.983440456287628706e+01
1.011431477151083840e+02
1.553102329157976840e+02
1.144823098099968917e+02
1.621056480134116669e+02
1.048331142426224858e+02
1.061442068909459095e+02
1.743003491987650762e+02
1.594298439860737915e+02
1.873151075172212074e+02
1.217239604234199533e+02
1.831636244796027313e+02
1.263560384481296524e+02
1.342314516151753310e+02
1.967766357589930521e+02
1.812430800715755765e+02
1.389865630250076265e+02
1.443459440074521467e+02
2.041548625233526479e+02
2.108909442982166240e+02
2.008400502547107465e+02
1.921538722783667197e+02
1.596866235195785464e+02
2.095368537960042374e+02
1.700683630490844394e+02
2.331231868993573073e+02
2.237796547204904698e+02
1.846268185436536839e+02
2.010372173058842691e+02
2.381218171642064476e+02
2.511128191638425449e+02
2.537372516088744305e+02
2.402407084874915597e+02
2.173900659893534453e+02
2.666899139475787024e+02
2.220272782788485983e+02
2.437362597856218827e+02
2.851336768199540188e+02
2.301638008778014068e+02
2.417077922311052589e+02
2.851608861885040938e+02
2.508314503164635312e+02
2.476455924989380435e+02
2.874086982889012347e+02
3.144648469181586847e+02
3.137274678446207758e+02
3.054359643603874588e+02
3.175649239478585173e+02
2.738812723177792918e+02
2.715315181486635083e+02
3.212127765102587205e+02
2.797256105242850026e+02
3.180603812236848285e+02
3.288191443346404981e+02
3.190287753159362296e+02
3.088819745539129826e+02
3.542882311179397448e+02
3.642783371165817812e+02
3.537661218137220089e+02
3.538629871473459616e+02
3.228852727870155945e+02
3.452849751502967592e+02
3.724161727020290868e+02
3.550917128980554480e+02
3.193523369521784616e+02
3.718309789443739533e+02
3.299260183395794570e+02
3.822952962166671682e+02
3.734349724355857916e+02
3.428701902513722075e+02
3.593094596653787676e+02
3.910673146040875849e+02
3.294826209607654732e+02
3.606885191409510867e+02
3.915463227002724693e+02
3.825370738670229684e+02
3.311252989643357409e+02
3.863826747300947204e+02
4.071848036212834927e+02
3.553603842151340473e+02
3.448901203019285617e+02
3.610752762564969771e+02
4.032322878015062884e+02
3.557296537665067717e+02
4.200226116075450022e+02
3.617742434774041271e+02
4.167305608337711078e+02
4.378203081665361083e+02
4.262601778490730453e+02
4.118933607610522358e+02
3.909914385349882764e+02
4.436922211918583230e+02
4.009426332390150378e+02
4.565150692597317743e+02
4.032736359922623137e+02
4.112657415842170394e+02
4.425884278076455303e+02
4.209876736736554790e+02
4.384288830359640201e+02
4.274285159937177241e+02
4.572124938632069870e+02
4.553860849677282658e+02
4.720326339605954047e+01
7.287263718833277437e+01
8.285023224832075073e+01
5.380950753199022074e+01
9.916438708781861067e+01
4.695407066196131751e+01
8.229286850726342095e+01
4.875012977403327596e+01
7.372635078832261968e+01
8.389197603027919570e+01
7.376187659010354025e+01
4.297717348936274107e+01
7.025628886664891581e+01
9.642663843059962403e+01
7.958100511564347812e+01
6.568156220620944907e+01
7.232761530103542214e+01
9.476587108288765648e+01
7.791938332383348609e+01
1.035037798097384893e+02
8.443546510280204132e+01
1.145147834304659966e+02
8.958576064543758832e+01
9.848316446814951064e+01
1.228265208746923776e+02
1.163404123074228806e+02
1.363728341912259054e+02
9.982598549173461322e+01
1.352646336335522506e+02
1.123870250869997847e+02
1.112168838684335697e+02
1.477922378266485737e+02
1.454871748775153435e+02
1.245148148275695519e+02
1.249128813323981433e+02
1.568349792160580307e+02
1.619567467261851164e+02
1.606822145751762889e+02
1.504717636326393517e+02
1.341833568208537883e+02
1.739151674792140341e+02
1.457481944834617877e+02
1.859886498859852679e+02
1.858813815450675690e+02
1.573070512190176942e+02
1.637183286330231624e+02
1.990846500672123227e+02
2.056296919888196442e+02
2.130897612738773148e+02
2.103808267414382556e+02
1.897130082178311454e+02
2.247690491642672725e+02
1.986211729622334872e+02
2.064368676838244312e+02
2.397504255043172350e+02
2.003067093360929505e+02
2.172801492716485257e+02
2.439807294196809835e+02
2.219790462232856214e+02
2.174260936691970585e+02
2.462853663236948023e+02
2.710903220828395774e+02
2.684196639915019773e+02
2.642558075915644054e+02
2.722571200947397188e+02
2.423541642284063471e+02
2.403259992892085108e+02
2.797414766123878280e+02
2.525380931828017879e+02
2.769370450128147922e+02
2.876389875658178426e+02
2.779054391050662502e+02
2.808961216674953789e+02
3.128169312200686250e+02
3.222336039265000522e+02
3.125859650448992397e+02
3.126828303785231924e+02
2.886798710428013806e+02
3.041998449463071097e+02
3.309448728041578534e+02
3.185666692434127185e+02
2.893545584499212282e+02
3.306508221755510704e+02
2.966992190087731274e+02
3.375939383074551756e+02
3.319941020035855104e+02
3.081629424006238764e+02
3.195909869422256975e+02
3.465847200151413290e+02
2.999896914266074077e+02
3.265216077745072312e+02
3.468616486267806067e+02
3.408148321621917489e+02
3.005337456441306472e+02
3.452025179612717807e+02
3.627022090323375778e+02
3.264878229070966995e+02
3.150225298822423952e+02
3.281291789630339508e+02
3.620521310326834055e+02
3.254907041837029738e+02
3.771318913047210231e+02
3.308144155577710990e+02
3.755504040649480544e+02
3.932476798050201978e+02
3.855138396070717590e+02
3.760992086764302940e+02
3.597534805431721452e+02
4.025120644230356675e+02
3.706297953614836729e+02
4.120324746707858026e+02
3.724419272710935616e+02
3.803059136645839544e+02
4.038921168811353937e+02
3.886571134159803478e+02
4.071300782446556354e+02
3.966022785138054587e+02
4.268996559856747695e+02
4.246972052576222723e+02
2.617641590819388497e+01
8.422471486480935710e+01
1.007862182349743421e+02
5.978243129868143058e+01
8.893085093153062815e+01
4.624226267031356485e+01
3.494759648242753514e+01
1.131180445231180869e+02
9.564287011533281202e+01
4.459376583747216216e+01
4.105906402654882470e+01
1.120270890823660466e+02
6.770780738748111105e+01
6.082304965217813475e+01
6.557653005472474206e+01
9.763249184194026498e+01
8.036934932196764692e+01
8.639839105832730581e+01
1.381692369151156186e+02
9.910531740339625628e+01
1.449646520127295446e+02
9.242405668749594838e+01
9.546145914316390702e+01
1.581203455415034966e+02
1.429064699492190869e+02
1.701741115165390852e+02
1.081250559590153131e+02
1.660737281346937664e+02
1.146235964846949145e+02
1.209769745537911234e+02
1.796356397583109299e+02
1.726601551916665471e+02
1.275879109019530659e+02
1.319941195590207599e+02
1.875390251410187545e+02
1.937499482975345018e+02
1.918497889682252833e+02
1.760287173822874252e+02
1.466039230277339414e+02
2.005167884151019848e+02
1.572947158377161543e+02
2.175091686963575910e+02
2.147389369867853759e+02
1.715097332383580806e+02
1.866043897668907618e+02
2.290557178375297838e+02
2.345894451269878402e+02
2.446102800842496947e+02
2.311746091608149243e+02
2.042729806840577282e+02
2.562284291507732519e+02
2.102098508675732944e+02
2.297655162103078226e+02
2.694270135944903473e+02
2.165845326526454073e+02
2.297274689079384871e+02
2.691683517324099739e+02
2.377143650111675584e+02
2.340663242737818166e+02
2.714161638328072286e+02
2.984723124620646217e+02
2.972040938077658438e+02
2.894434299042935095e+02
3.010415499110035853e+02
2.603020040926231218e+02
2.579522499235073383e+02
3.052202420541647712e+02
2.670980656490284559e+02
3.020678467675908223e+02
3.128266098785464351e+02
3.030362408598422235e+02
2.978205415290979090e+02
3.382956966618455112e+02
3.482858026604875477e+02
3.377735873576277754e+02
3.378704526912517281e+02
3.093060045618597087e+02
3.292924406942025257e+02
3.564236382459348533e+02
3.445073768593727550e+02
3.061233637298938675e+02
3.558384444882797197e+02
3.163467501144235712e+02
3.660411011755973050e+02
3.608810788218070229e+02
3.292909220262165491e+02
3.446127581477478543e+02
3.748131195630176080e+02
3.164651855118059984e+02
3.490697345182638855e+02
3.752921276592024924e+02
3.697018089804134888e+02
3.175460307391799688e+02
3.703901402740004869e+02
3.909306085802135158e+02
3.426883272099806845e+02
3.318726848529689732e+02
3.474960080313414892e+02
3.872397533454120548e+02
3.424381329839620776e+02
4.040300771514507687e+02
3.481949752522485824e+02
4.007380263776768743e+02
4.215661131254657903e+02
4.106064353549678572e+02
3.983140925358969753e+02
3.774121703098329590e+02
4.276996867357640895e+02
3.875772241617427198e+02
4.402608742186614563e+02
3.896943677671072237e+02
3.976864733590617789e+02
4.288376237618012397e+02
4.074084054485000479e+02
4.248496148108085890e+02
4.138492477685622362e+02
4.438470847859335890e+02
4.418406016304132891e+02
5.974481162066770423e+01
9.348116520652841643e+01
3.831688790586894555e+01
1.123101275997625663e+02
3.014985270329207268e+01
4.595112698695203335e+01
9.489491692945154000e+01
7.743484353322057245e+01
3.744076684140893008e+01
5.580485329942071360e+01
1.123292435439968955e+02
5.414172096518134936e+01
5.863225171117628776e+01
7.300322716519262656e+01
1.134714155416960324e+02
7.743210990046715381e+01
9.500960782662403403e+01
1.498356784458830191e+02
1.088155156272343618e+02
1.620406068538314344e+02
9.677177198611614983e+01
9.540697293601998297e+01
1.584339959726898712e+02
1.582823962865953717e+02
1.723559875000804311e+02
1.136720537078827817e+02
1.803162447456964799e+02
1.169637229195771511e+02
1.261701093586688529e+02
1.844728839717309086e+02
1.669001062782988356e+02
1.281544362788307865e+02
1.362846017509455976e+02
1.974342092899388774e+02
1.967476789431006807e+02
1.868139526684535099e+02
1.892069844078220626e+02
1.516252812630718836e+02
1.959002988927156537e+02
1.620070207925779187e+02
2.191493765870811785e+02
2.102795334904956519e+02
1.765654762871470496e+02
1.929853105903467565e+02
2.247639719488553851e+02
2.422808897048159906e+02
2.403794063935233112e+02
2.269213856494296806e+02
2.086835270286536286e+02
2.533530775459543065e+02
2.094209014139466376e+02
2.356749175291152483e+02
2.717968404183297366e+02
2.221024586212947725e+02
2.291033685777712776e+02
2.796450514329075077e+02
2.424496961185739110e+02
2.395842502424314091e+02
2.811767270637456022e+02
3.099663992205887553e+02
3.024721043746123996e+02
3.004616185483801587e+02
3.059514325246590829e+02
2.658199300612727143e+02
2.634701758921568739e+02
3.176139044945399519e+02
2.673497005640277280e+02
3.115959439022979609e+02
3.230065607447808702e+02
3.123424445211459783e+02
2.959714777908033057e+02
3.506893591022206351e+02
3.590871499597901106e+02
3.481120333401899529e+02
3.483410676589901414e+02
3.148239305305088465e+02
3.379644217126506192e+02
3.678341281962278231e+02
3.419299921205626447e+02
3.072768396105350917e+02
3.658685675072616732e+02
3.218646760830727089e+02
3.699362388941717086e+02
3.602732516580931019e+02
3.348088479948656300e+02
3.512481174088721900e+02
3.816622692637179739e+02
3.171168348668531962e+02
3.476484888131474804e+02
3.795854550137536876e+02
3.693753530895303925e+02
3.224387451211529196e+02
3.803443969522705288e+02
3.977489331657649814e+02
3.429945981212217703e+02
3.325243342080161710e+02
3.530139339999903996e+02
3.960796251183197683e+02
3.442582003165714468e+02
4.124167899213095438e+02
3.537129012208975496e+02
4.092932866592466894e+02
4.259314487723671050e+02
4.181988355925664678e+02
4.038320185045456583e+02
3.829300962784816988e+02
4.361096689877316521e+02
3.899135510035911238e+02
4.454077125194921223e+02
3.952000092070229584e+02
4.032043993277104619e+02
4.345270855511389527e+02
4.129263314171489014e+02
4.303675407794574426e+02
4.187603612807645277e+02
4.449385515671377789e+02
4.442825026851621715e+02
3.552379689076535385e+01
2.535524505149115981e+01
5.736197134591191116e+01
4.126275921213940734e+01
7.747668897811828970e+01
3.756658242761567124e+01
2.446232618506557088e+01
5.086433129830385269e+01
8.705418212191734995e+01
5.435166714066423310e+01
3.320478432301762695e+01
5.711793242172711160e+01
8.345762041479093796e+01
9.670805261041795120e+01
6.324874395619572454e+01
9.878167622593286978e+01
9.632435614189080297e+01
1.113609642681695533e+02
1.121668826050013621e+02
9.168627885211853368e+01
8.065932306610974933e+01
1.091914902417767195e+02
1.206839032466644142e+02
1.238786500906556540e+02
1.073475841716527839e+02
1.292298307176729111e+02
9.838546487536470408e+01
1.161955776947428660e+02
1.362516045312876258e+02
1.261803905619151891e+02
1.054506615371205243e+02
1.167392550733190575e+02
1.485108735009550571e+02
1.496948226759456020e+02
1.445864485286150227e+02
1.540490567508043398e+02
1.337534491614864862e+02
1.575660726433945626e+02
1.362322476638719024e+02
1.736881460905841266e+02
1.710132112817830148e+02
1.527652629886454179e+02
1.744168034749694982e+02
1.852655066614879331e+02
1.951640734363599847e+02
1.999946500964527729e+02
1.897600129922544738e+02
1.796227714750292535e+02
2.127502703415052281e+02
1.796855255089553225e+02
2.134748452700320343e+02
2.288973530269601895e+02
1.955702984799258388e+02
1.994434107415361837e+02
2.460576079863164978e+02
2.133299037202099839e+02
2.116718192958254576e+02
2.488304155198204057e+02
2.643447184967447470e+02
2.589463335128717745e+02
2.655358157679984856e+02
2.626921677496221150e+02
2.400754033901534967e+02
2.369699836559082655e+02
2.775010346385892603e+02
2.367957802022407350e+02
2.789043160487169075e+02
2.889663739098756992e+02
2.800452376536076144e+02
2.598222943085473844e+02
3.062053198842567667e+02
3.144795666062297528e+02
3.125700196045235657e+02
3.118847483961055786e+02
2.892081177477466554e+02
3.064483158008951023e+02
3.244452151059671223e+02
3.047802101271332162e+02
2.777445401436566499e+02
3.286632408495157733e+02
2.955404827561877141e+02
3.281140755940258487e+02
3.220463904883638406e+02
3.088438496082198412e+02
3.219578920716585912e+02
3.382500459026081217e+02
2.875845353999749250e+02
3.105916288765730542e+02
3.376442057771016039e+02
3.309376320580933566e+02
2.929064456542745916e+02
3.439964217466599052e+02
3.543386892708835489e+02
3.108187744761120825e+02
3.029920347411378430e+02
3.261320215068862467e+02
3.637153228665395091e+02
3.147259008496930051e+02
3.689663365946867657e+02
3.257418101332482934e+02
3.772135958988044422e+02
3.845216859527286601e+02
3.877493220033716170e+02
3.767873994782351588e+02
3.549792946481924787e+02
4.041752562568917710e+02
3.603812515367131368e+02
4.036559669867945104e+02
3.656677097401450851e+02
3.752535976974211849e+02
4.061712858000412893e+02
3.858817123908383451e+02
4.016257417507505920e+02
3.892280618138863133e+02
4.142159295224614652e+02
4.147502032182840708e+02
6.007188432713271453e+01
2.296316951086749469e+01
7.453474774879656195e+01
9.180794446999125569e+01
2.317043018150763700e+01
3.039527388317787882e+01
8.027575011925223691e+01
8.210322283441132640e+01
3.045161028255957447e+01
5.818223992854465365e+01
8.051978003507092296e+01
9.177739877928424050e+01
6.540227985732460070e+01
7.873435026398983894e+01
8.763978140369732728e+01
7.358764497072243671e+01
8.484263469376475086e+01
8.740986246694667727e+01
1.012955810095543541e+02
9.091310709646295152e+01
8.924545629872554287e+01
9.358055720380114906e+01
1.039639294506231408e+02
1.012476995448099899e+02
1.073150748756532948e+02
1.027826914257542370e+02
1.087849333730518282e+02
1.161705254902276181e+02
1.091791542245216249e+02
1.072064995297745043e+02
1.184922409085275490e+02
1.279504293460861390e+02
1.300271395116943154e+02
1.262566780938070394e+02
1.275995561553936426e+02
1.263506698453930142e+02
1.395057971725695438e+02
1.343817322809877908e+02
1.540393794995083567e+02
1.522663809474720438e+02
1.476939386755900614e+02
1.470883774701665914e+02
1.657491941184806876e+02
1.752998484877261376e+02
1.804783375534454137e+02
1.753530421401233639e+02
1.742221542481317726e+02
1.932339577984979258e+02
1.695934699125266150e+02
1.868000855677516654e+02
2.090331280783264845e+02
1.862219197135439686e+02
1.886365334882342779e+02
2.216490849979406335e+02
2.063629969191758562e+02
2.032156168277667518e+02
2.240060106359858594e+02
2.444804935481108998e+02
2.390821085642378989e+02
2.413266198090234695e+02
2.428279428009882963e+02
2.235420333954397449e+02
2.219935159347915317e+02
2.551957342183935111e+02
2.234605910747753512e+02
2.546478485510415339e+02
2.647125317918550422e+02
2.556187375275855516e+02
2.458763111433127904e+02
2.863410949356227206e+02
2.946153416575955930e+02
2.896595092709366668e+02
2.897563746045606194e+02
2.669732218919741058e+02
2.819204892585981383e+02
3.045809901573328489e+02
2.877078850580105041e+02
2.656181744129476101e+02
3.076664967844280909e+02
2.755729240129206801e+02
3.082498506453915184e+02
3.021821655397296809e+02
2.861039513647395438e+02
2.973116312545165556e+02
3.183858209539739050e+02
2.749942440921005868e+02
2.955580971187902719e+02
3.177799808284674441e+02
3.110734071094590831e+02
2.814152487677055205e+02
3.224339916259522738e+02
3.344744643222491618e+02
2.968727913108783127e+02
2.903050673796446972e+02
3.069772674132595967e+02
3.394614807485182837e+02
3.021700165338250486e+02
3.491021116460527765e+02
3.119018334209585532e+02
3.529597537807832168e+02
3.646574610040947277e+02
3.632344839193632424e+02
3.539176773791145365e+02
3.386271855473198116e+02
3.799214141388707731e+02
3.478232086752597638e+02
3.837917420381605211e+02
3.537997095672723731e+02
3.593723987463151275e+02
3.816127611934266497e+02
3.666864411283748950e+02
3.860037832488030176e+02
3.771548746520639384e+02
4.000439713812386344e+02
4.019249918114540492e+02
8.072566231469534159e+01
1.699122252579558889e+01
5.527489087211478846e+01
5.671571640049435103e+01
3.974772819513178490e+01
2.893801336740403585e+01
6.601220933621539189e+01
7.415204484031100662e+01
2.489805409475506437e+01
4.378933353505853177e+01
6.805394655456683495e+01
1.122406787635740812e+02
5.706811161876419192e+01
8.700386049657592480e+01
1.131973364422630937e+02
1.009666306183597442e+02
1.292445638518451290e+02
8.385187248726877840e+01
7.556061265008807482e+01
1.238314081783443186e+02
1.397902682812699027e+02
1.378247343396747056e+02
1.007318524323709568e+02
1.448229205913041540e+02
9.611358538115497652e+01
1.115501033063588352e+02
1.500416966359451294e+02
1.352438836797652186e+02
1.063784494846081259e+02
1.169032425850755885e+02
1.628678560796450085e+02
1.624348207566902431e+02
1.558059533788814122e+02
1.716157997120845380e+02
1.351924248746975081e+02
1.651370702768142280e+02
1.401652738832571004e+02
1.862765513679114235e+02
1.795163048745941410e+02
1.568577775430131851e+02
1.783267235824863519e+02
1.941577798532959491e+02
2.082614161403901960e+02
2.097732142979637615e+02
1.969507191355501732e+02
1.843855742059649572e+02
2.228587501855479900e+02
1.847920577751994244e+02
2.185182576685700155e+02
2.412080297292271780e+02
2.000561082916889291e+02
2.044932213859389378e+02
2.609715996410263301e+02
2.180927064511453466e+02
2.164313890701595540e+02
2.637444071745302949e+02
2.774420612007754698e+02
2.719162139794311770e+02
2.799024675710786596e+02
2.754571051642530506e+02
2.446635012412530727e+02
2.416797226192600192e+02
2.910728233103953926e+02
2.427534024140232702e+02
2.934605132461828703e+02
3.033553288995933030e+02
2.936260469841314489e+02
2.670130004518429701e+02
3.193026625882877738e+02
3.275769093102606462e+02
3.256673623085543454e+02
3.249820911001363584e+02
2.938584480618112025e+02
3.176489111325274166e+02
3.375425578099978452e+02
3.119709162704290293e+02
2.827434099352267367e+02
3.417605835535463825e+02
3.003032854871232189e+02
3.398870406415556431e+02
3.303141758079596570e+02
3.136001563276837487e+02
3.302826349401750008e+02
3.511679419033123963e+02
2.925834051915448981e+02
3.177823350198689241e+02
3.495362567611375653e+02
3.394162772393970045e+02
2.979053154458445647e+02
3.570937644506907418e+02
3.672546058053589491e+02
3.180094806194079524e+02
3.079909045327078161e+02
3.308948242378220357e+02
3.757604018880531953e+02
3.197247706412630919e+02
3.819224625609037389e+02
3.305046128641840824e+02
3.887637317629007612e+02
3.959723729222336033e+02
3.972333531238693354e+02
3.815502022091710046e+02
3.597420973791282677e+02
4.151936267475488762e+02
3.653801213282829963e+02
4.154486366693587343e+02
3.706665795317148309e+02
3.800164004283569739e+02
4.122452692557649812e+02
3.906445151217744183e+02
4.066246115423205083e+02
3.942269316054562296e+02
4.204051218918294808e+02
4.197490730098539871e+02
9.354729700046931384e+01
7.532282372711122775e+01
3.028296731126098607e+01
4.547756424382521345e+01
9.771704198470305869e+01
6.408835357463411242e+01
2.334866019166068796e+01
7.473721514476248728e+01
9.448793957932139165e+01
6.903815787166632845e+01
4.364856740197141960e+01
8.912558935978968577e+01
6.476150368941675595e+01
5.915080528249503544e+01
6.279148889614474882e+01
7.137470287208445541e+01
7.848340660897778776e+01
9.242586624016475128e+01
7.776546730940009411e+01
7.562195385982519724e+01
9.193507353983746100e+01
7.919655374719002339e+01
9.144254099670233416e+01
9.574731568516567393e+01
8.738925323696119563e+01
1.034540495025910900e+02
9.972489133470126887e+01
1.043699677114671260e+02
1.011825912611390379e+02
1.130128865792082422e+02
1.176185584021277180e+02
1.155780520842489665e+02
1.098714652390403188e+02
1.057838572937025816e+02
1.288282819303486235e+02
1.169811719887045598e+02
1.416504615619278411e+02
1.411905934444110358e+02
1.278983590494066078e+02
1.286849562090622783e+02
1.544294160541345207e+02
1.615312604332472404e+02
1.687515729498198880e+02
1.652161766046911566e+02
1.584879547500377441e+02
1.804308608402099026e+02
1.611891779413766415e+02
1.688891762047482530e+02
1.954122371802598934e+02
1.672218154041109131e+02
1.797566106773959689e+02
2.041678109719422878e+02
1.890423486318861421e+02
1.842436996776412172e+02
2.065247366099875990e+02
2.287922216626736827e+02
2.253798764401484505e+02
2.238582214958699979e+02
2.291257106768988479e+02
2.056311240324362473e+02
2.040826065717880340e+02
2.378747563072086564e+02
2.145294232752894175e+02
2.371690694093358616e+02
2.472441334787015421e+02
2.381374635015873196e+02
2.358357934263799791e+02
2.709502109148895101e+02
2.799355035063341006e+02
2.721911109577830530e+02
2.722879762914070056e+02
2.494919478659758738e+02
2.644392152325997927e+02
2.890781524989787954e+02
2.742284809193553770e+02
2.558474018107699806e+02
2.902559680884350541e+02
2.579807444507221703e+02
2.945476185213022973e+02
2.885492808188996037e+02
2.686226773387413118e+02
2.798303572285182099e+02
3.040365405451574929e+02
2.660630762926145394e+02
2.821834194504498328e+02
3.040777487043782230e+02
2.974262836603032838e+02
2.655635390935271971e+02
3.049655933127985463e+02
3.201540295623535712e+02
2.868290804089907056e+02
2.813738995801584792e+02
2.894107044049831075e+02
3.219930824353647267e+02
2.911267104858756625e+02
3.345837118347371302e+02
2.941828590953402340e+02
3.354913554676295462e+02
3.506995003350360207e+02
3.457532098933644420e+02
3.364364033531159066e+02
3.210350059851216997e+02
3.624530158257171024e+02
3.357975692356396280e+02
3.694842952008017392e+02
3.360683239391367465e+02
3.417802191841172430e+02
3.641314871674280766e+02
3.492051671023762083e+02
3.684116036866053605e+02
3.601043530985246548e+02
3.866582193881930607e+02
3.888505443371568049e+02
3.865239209991775482e+01
6.710567267938269254e+01
4.943825116186292234e+01
1.388899506714812127e+01
4.969989318458787153e+01
8.429651256564577011e+01
2.399195110843341538e+01
3.297432366833630368e+01
5.488735708133771851e+01
9.918193775246938060e+01
4.949880334853742170e+01
7.521985299618233967e+01
1.202533965334341133e+02
8.936153889499209413e+01
1.363006239430162339e+02
7.376062973348261664e+01
6.823606584902684347e+01
1.284926999876434763e+02
1.396322342653908777e+02
1.423799061046519512e+02
9.095028424640308629e+01
1.503892358697448515e+02
8.921952046701407824e+01
1.028401546647315001e+02
1.544968025763024002e+02
1.368641544836692958e+02
9.998606408238791232e+01
1.103478097829773361e+02
1.674581278945103406e+02
1.667476331420628810e+02
1.567780008738238564e+02
1.697605160782365488e+02
1.278134278257702476e+02
1.658643470980859433e+02
1.343304431984685721e+02
1.891134247924514682e+02
1.802435816958659416e+02
1.515204456772782464e+02
1.697560501193953257e+02
1.948379604274093140e+02
2.122449379101862803e+02
2.104533948720771548e+02
1.975210189344297191e+02
1.802203370176964370e+02
2.235389307596612980e+02
1.809543591258303366e+02
2.122162074700084133e+02
2.419353065504987796e+02
1.957882196803293482e+02
2.006368262896550334e+02
2.563315093500515331e+02
2.139831538304576668e+02
2.121635004588002573e+02
2.578631849808897414e+02
2.799304474259594713e+02
2.726579575883200164e+02
2.771480764655241273e+02
2.761372857383668133e+02
2.403956126298937761e+02
2.374118340079006941e+02
2.945485211229127458e+02
2.388831582759115122e+02
2.882824018194417590e+02
2.996930186619251231e+02
2.890289024382899470e+02
2.675049355026872036e+02
3.216213205459197297e+02
3.292594878290258293e+02
3.247984912573342058e+02
3.250275255761344511e+02
2.895905594504516785e+02
3.133810225211681200e+02
3.398612157676298011e+02
3.125412160693085752e+02
2.788102973224188759e+02
3.425550254244058692e+02
2.960511992376894455e+02
3.404635461994631669e+02
3.308844756068389188e+02
3.093322677163243952e+02
3.260147463288155336e+02
3.518481224774254770e+02
2.886502925787370941e+02
3.183526348187482995e+02
3.501127623190451459e+02
3.399865770382763230e+02
2.939722028330366470e+02
3.570308548694148953e+02
3.679347863794720297e+02
3.145280558331057819e+02
3.040577919199000689e+02
3.267852716171340148e+02
3.714925132766935576e+02
3.157916580284555153e+02
3.826026431350167627e+02
3.263950602434960615e+02
3.844958431515411803e+02
3.965426727211132061e+02
3.929654645125097545e+02
3.774406495884829837e+02
3.556325447584400763e+02
4.109257381361892953e+02
3.614470087154751354e+02
4.160189364682382802e+02
3.667334669189070269e+02
3.759068478076688962e+02
4.081357166350768466e+02
3.865349625010862837e+02
4.026914989295127612e+02
3.902938189926484824e+02
4.164720092790217336e+02
4.158159603970462399e+02
9.282732639310758316e+01
7.694560352001619208e+01
2.702875454633282715e+01
1.135748859124256427e+01
9.531872685119540733e+01
4.780684620946523467e+01
3.132663584261673861e+01
3.076868161091609366e+01
6.767562790363022884e+01
4.969993626512969342e+01
5.207451389858512414e+01
1.110234537779363677e+02
6.546411941417539992e+01
1.162448192157656734e+02
5.749012142495679001e+01
6.167084945191372469e+01
1.307870562625506921e+02
1.123570413759653377e+02
1.416023740548666296e+02
7.343772992186430315e+01
1.367682093698996084e+02
7.974060700585788197e+01
8.631411768894679426e+01
1.510639022966384175e+02
1.415435621036477301e+02
9.280304204923113787e+01
9.706018429648149493e+01
1.577296752576113761e+02
1.648918346524206697e+02
1.602092141179491023e+02
1.439430509333394923e+02
1.118992686398491969e+02
1.683550043970364243e+02
1.225900614498313388e+02
1.880522569900938947e+02
1.824916528955926651e+02
1.368394636639241924e+02
1.521582924646030506e+02
1.965096173039981124e+02
2.042016891533632190e+02
2.119198488398467077e+02
1.967375128137799436e+02
1.696027111096241242e+02
2.247641961987040133e+02
1.752804912091455947e+02
1.954256478800228081e+02
2.389052348419472196e+02
1.820333598794289571e+02
1.947935336453993500e+02
2.365905849793429638e+02
2.030440954367342101e+02
1.995151515005654801e+02
2.387266805123230995e+02
2.659871194992453525e+02
2.658206483772595448e+02
2.568656631512264426e+02
2.696581044804971725e+02
2.257508313194067568e+02
2.234010771502910302e+02
2.727350490913455019e+02
2.324277960745949372e+02
2.693783634471067785e+02
2.802488431254795387e+02
2.703467575393581797e+02
2.629718211941800519e+02
3.058105036990267536e+02
3.158006096976686763e+02
3.051958206045612201e+02
3.052926859381851727e+02
2.747548317886430596e+02
2.965261356948184925e+02
3.239384452831162093e+02
3.097225080066509690e+02
2.715649820724491406e+02
3.232606777352131644e+02
2.817955773412069789e+02
3.338175687977544612e+02
3.281272012213642029e+02
2.947397492529998431e+02
3.111790186670070284e+02
3.425895871851747074e+02
2.818848250820864223e+02
3.143994649438300826e+02
3.430685952813597055e+02
3.372293026528016071e+02
2.829948579659633197e+02
3.378123735209343295e+02
3.587070762023706720e+02
3.080180576355467679e+02
2.972923244232492266e+02
3.129448352581251811e+02
3.545802609477423175e+02
3.078869602107457695e+02
3.715448841886321816e+02
3.136438024790323311e+02
3.680785339800069664e+02
3.893425807476231739e+02
3.778401303555838808e+02
3.637629197626806672e+02
3.428609975366167077e+02
3.950401943380942953e+02
3.530260513885264118e+02
4.080373418408188968e+02
3.551431949938909156e+02
3.631353005858454708e+02
3.944579868092737911e+02
3.728572326752837398e+02
3.902984420375922809e+02
3.792980749953459849e+02
4.092959120127172810e+02
4.072894288571969810e+02
1.768178287404720095e+01
6.990455793983488775e+01
9.423933347445678521e+01
1.748766171693632288e+01
4.608795995312997462e+01
6.519325652606505628e+01
8.869439230292023524e+01
6.264308800098641683e+01
5.936112937526385025e+01
8.811256836640482959e+01
5.878978854877197335e+01
8.320212767709220714e+01
7.463231501188249695e+01
8.357774619345542533e+01
6.916477063987009899e+01
7.219811414285510409e+01
8.366571889452920630e+01
8.691868940509192498e+01
9.431022441847215987e+01
9.198589643845869546e+01
8.058210904571778599e+01
9.867701112027626209e+01
9.925881391405124532e+01
9.056045755977243061e+01
8.435900542018346471e+01
9.563986932015889408e+01
1.115079671109014186e+02
1.129423140116885378e+02
1.082781801798306276e+02
1.165295452264599021e+02
1.109822032330046113e+02
1.214781937307045609e+02
1.116783026435277861e+02
1.369538590323681149e+02
1.347049429329984775e+02
1.277979654240815108e+02
1.375882995794123076e+02
1.486041045980935564e+02
1.582525189368347185e+02
1.633332480330584815e+02
1.560643477265430192e+02
1.532895664887639100e+02
1.760888682781111356e+02
1.501976821349984732e+02
1.759553337456877102e+02
1.919857985274352927e+02
1.692370934936603533e+02
1.692407457107060793e+02
2.086907405391771135e+02
1.867979280656680316e+02
1.851398436412834485e+02
2.114635480726810215e+02
2.274331639972196228e+02
2.220347790133465651e+02
2.282298855902014623e+02
2.257806132500970193e+02
2.123551107867855876e+02
2.104380080013662280e+02
2.404981282485358918e+02
2.041610224774319420e+02
2.415511143322194698e+02
2.516157975730328644e+02
2.426783702064683439e+02
2.265784255344496216e+02
2.692937653847315005e+02
2.775680121067043160e+02
2.756584651049980721e+02
2.749731938965800850e+02
2.553935554051286658e+02
2.690814483537560022e+02
2.875336606064415150e+02
2.706605555071193976e+02
2.463186058156042293e+02
2.917516863499901660e+02
2.641920120863680381e+02
2.912025210945002414e+02
2.851348359888384039e+02
2.741814197267867712e+02
2.845910246245193207e+02
3.013384914030824575e+02
2.556946754947570923e+02
2.771658159745426246e+02
3.007326512775759966e+02
2.940260775585677493e+02
2.621156801703618271e+02
3.070848672471342979e+02
3.174271347713576006e+02
2.775749057020147461e+02
2.710054987823010038e+02
2.952949614640362483e+02
3.263647465296959922e+02
2.828704479364811277e+02
3.320547820951611016e+02
2.954180155040319278e+02
3.398630195619611527e+02
3.476101314532032234e+02
3.503824545562322896e+02
3.413924198516035062e+02
3.252941313166057284e+02
3.668246799200487089e+02
3.285236400779162977e+02
3.667444124872689031e+02
3.345171146687947044e+02
3.446792543833630020e+02
3.688044183529019051e+02
3.541611836008639216e+02
3.708447130652998567e+02
3.578553060547200744e+02
3.807901166204308652e+02
3.826271062025902552e+02
5.275745194476458977e+01
8.521139570714350953e+01
3.510663449176794160e+01
2.938385431602066689e+01
5.054844469356974201e+01
7.544342522475811563e+01
8.032485973845913918e+01
4.907549835339751354e+01
8.588836309165918692e+01
7.385502843409061313e+01
9.717022480544565610e+01
8.990225584367270528e+01
7.669654222191402937e+01
6.331481168330097375e+01
8.516823566552665170e+01
1.002731930109500382e+02
9.978408051328123918e+01
9.011287672929613279e+01
1.059797203004973625e+02
7.821959864038406351e+01
9.655128492030725340e+01
1.121639896646212264e+02
1.018366748780592417e+02
8.381548174476174040e+01
9.510407528096021679e+01
1.246088651075266114e+02
1.254537126338871076e+02
1.202427328447590895e+02
1.322734917039121854e+02
1.118639520549000110e+02
1.332223569595386152e+02
1.138433907601442456e+02
1.494434616812229422e+02
1.466694955979270958e+02
1.303684959413338902e+02
1.546119648041575942e+02
1.609580101359872799e+02
1.710010054478358938e+02
1.757096842554714442e+02
1.662359694574922457e+02
1.566544904271780183e+02
1.884653045005238994e+02
1.562672828299299397e+02
1.914743614795443420e+02
2.047161520996458819e+02
1.726020174320746037e+02
1.760129759695760754e+02
2.225510260094096964e+02
1.903616226723587204e+02
1.887035382479741941e+02
2.253238335429135191e+02
2.401816505082207129e+02
2.347832655243477404e+02
2.417220615541742745e+02
2.385290997610981094e+02
2.171071223423022047e+02
2.140017026080570020e+02
2.533995459481618298e+02
2.132721874812221756e+02
2.550905618348926964e+02
2.651526196960514881e+02
2.563847210171103370e+02
2.362982507737850995e+02
2.820422518957327611e+02
2.903164986177054629e+02
2.884069516159992759e+02
2.877216804075812888e+02
2.662398366998951929e+02
2.827716300181465954e+02
3.002821471174428325e+02
2.812561665923710734e+02
2.546568423948021120e+02
3.045001728609914835e+02
2.725722017083361948e+02
3.039510076055015588e+02
2.978833224998396645e+02
2.858755685603682082e+02
2.984513100947519888e+02
3.140869779140838318e+02
2.644968376511201882e+02
2.870675853418109682e+02
3.134811377885773709e+02
3.067745640695691236e+02
2.698187479054198548e+02
3.198333537581355586e+02
3.301756212823589749e+02
2.872947309413500534e+02
2.799043369922829925e+02
3.031637404590343863e+02
3.399015686527145022e+02
2.916382031008381546e+02
3.448032686061624190e+02
3.027426131394011009e+02
3.533998416849796058e+02
3.603586179642045408e+02
3.639761357770458972e+02
3.538191184303834689e+02
3.319800976543451725e+02
3.803615020430669347e+02
3.372935537878582863e+02
3.794928989982702205e+02
3.425800119912902346e+02
3.522544007035735376e+02
3.824946000172923277e+02
3.629134313429866552e+02
3.785380440018956278e+02
3.661403640650314628e+02
3.906918859876997772e+02
3.916625054694291066e+02
3.735537213315653560e+01
8.631036006878674982e+01
2.385771114793905667e+01
2.151907229397996701e+01
4.146061215632966679e+01
8.558109113275446589e+01
4.011129697665364802e+01
6.213122302496222460e+01
1.189590561301902341e+02
7.624226744959706537e+01
1.334351686208684669e+02
6.193107911951646827e+01
5.824362061914973765e+01
1.251370691787443405e+02
1.264531008659244407e+02
1.385315726127344078e+02
7.911453316114373990e+01
1.471042312024762282e+02
7.968400846811144334e+01
9.124167813874510102e+01
1.503003897471458004e+02
1.314422922403836367e+02
9.083362335501726648e+01
1.001593638376626814e+02
1.636097944025926267e+02
1.623213669359382436e+02
1.509320973303054814e+02
1.566337362301844678e+02
1.162893487952916303e+02
1.596289008715990008e+02
1.251931137174952937e+02
1.832152339749520138e+02
1.738717017960852331e+02
1.412295438193667394e+02
1.581575735934087561e+02
1.882415927519328136e+02
2.063467470926866838e+02
2.038570271966007397e+02
1.903752066877337654e+02
1.717003885665144196e+02
2.168244121478209649e+02
1.724972375515308443e+02
2.006419064447430856e+02
2.352681750201966793e+02
1.870421057049967430e+02
1.921797047153555127e+02
2.447399525041121251e+02
2.054734747741012200e+02
2.036435520076181831e+02
2.462716281349503618e+02
2.736950011994730403e+02
2.659434389764793423e+02
2.655565196195850035e+02
2.694227671265262529e+02
2.307869189769003242e+02
2.284371648077845975e+02
2.835516053105822039e+02
2.304260367016117641e+02
2.766908449735028626e+02
2.881014618159858287e+02
2.774373455923509368e+02
2.590774234547610604e+02
3.153858743194334693e+02
3.225584845616576786e+02
3.132069344113947409e+02
3.134359687301949862e+02
2.797909194461367406e+02
3.029314106282782291e+02
3.329290292674324974e+02
3.052262110982981085e+02
2.703531757481193267e+02
3.309634685784661770e+02
2.868316649987006031e+02
3.333052542286341122e+02
3.235694706358285089e+02
2.997758369104931830e+02
3.162151063244999136e+02
3.451336038655854281e+02
2.801931710044377724e+02
3.108839680417995055e+02
3.429544703482163754e+02
3.326715720672656857e+02
2.855150812587374389e+02
3.454392980234752599e+02
3.612202677676322082e+02
3.060709342588063464e+02
2.956006703456006335e+02
3.179809229156181800e+02
3.610466140339477761e+02
3.073345364541560230e+02
3.758881245231767707e+02
3.178853811871395578e+02
3.742602755748746972e+02
3.892276677501027962e+02
3.831658245081944756e+02
3.687990074201737229e+02
3.471228657020836295e+02
4.010766579033597168e+02
3.529898871411758705e+02
4.087039314972278135e+02
3.582763453446077051e+02
3.673971687513122220e+02
3.994940744667670174e+02
3.778933203327769661e+02
3.942343773552133257e+02
3.818366974183490470e+02
4.080148877047222982e+02
4.073588388227468045e+02
8.403882096193420637e+01
5.664427025396811644e+01
3.710143940751668623e+01
2.653284054174357109e+01
5.780483036556490362e+01
5.244342695452033354e+01
4.604091698929432397e+01
1.007316913302076102e+02
5.816843101870654209e+01
1.062914645624574490e+02
5.353012631528526555e+01
5.961559203769702719e+01
1.204952938148218919e+02
1.030788084728436189e+02
1.315009240662670038e+02
6.796420035470013943e+01
1.269015263247435286e+02
7.626652863403786853e+01
8.081056711890400379e+01
1.409624523080388201e+02
1.397409519898052679e+02
8.916428447323019668e+01
9.250659929184956809e+01
1.478927643684934310e+02
1.549904699317618508e+02
1.562638709370240520e+02
1.351182877501655923e+02
1.064375155928468502e+02
1.660153534867941403e+02
1.171283084028290489e+02
1.781855739449380280e+02
1.798832232030055138e+02
1.313257719546255373e+02
1.455613396947834133e+02
1.928207470935462311e+02
1.948080765456091115e+02
2.052504307685559297e+02
1.935547733746912229e+02
1.640890194003253839e+02
2.165311465808952107e+02
1.709175246185016874e+02
1.887224661382003887e+02
2.296456450131116753e+02
1.764005713689130630e+02
1.900217197152082349e+02
2.281253016603026822e+02
1.975304037274352140e+02
1.938823629900494723e+02
2.303731137606998516e+02
2.574292623899573300e+02
2.570857342767345699e+02
2.484003798321860756e+02
2.609231903799724819e+02
2.201180428088907490e+02
2.177682886397750224e+02
2.641771919820575931e+02
2.269141043652959411e+02
2.610247966954835874e+02
2.717835598064393707e+02
2.619931907877350454e+02
2.576365802453653941e+02
2.972526465897386174e+02
3.072427525883806538e+02
2.967305372855208816e+02
2.968274026191448343e+02
2.691220432781271938e+02
2.882493906220956319e+02
3.153805881738279595e+02
3.059412394754695583e+02
2.659394024461612958e+02
3.147953944161728259e+02
2.761627888306911700e+02
3.252597116884660409e+02
3.207646655051993321e+02
2.891069607424839774e+02
3.035697080756409605e+02
3.340317300758864576e+02
2.762812242280735973e+02
3.088857732345313707e+02
3.345107381720714557e+02
3.295853956638054569e+02
2.773620694554475108e+02
3.293470902018935931e+02
3.501492190930823654e+02
3.025043659262481697e+02
2.916887235692365152e+02
3.073120467476089743e+02
3.461967032733051610e+02
3.022541717002296195e+02
3.629870270793438749e+02
3.080110139685161244e+02
3.596949763055699805e+02
3.807847236383348672e+02
3.695633852828609633e+02
3.581301312521644604e+02
3.372282090261005010e+02
3.866566366636571956e+02
3.473932628780102050e+02
3.994794847315306470e+02
3.495104064833747088e+02
3.575025120753292072e+02
3.877945736896942890e+02
3.672244441647675330e+02
3.846656535270760742e+02
3.736652864848297781e+02
4.036631235022010742e+02
4.016566403466807742e+02
6.249376208208188643e+01
7.943799113818955959e+01
8.190240552093979431e+01
4.603609844460218170e+01
6.954325873466656560e+01
7.219649220440005877e+01
4.364485970028384543e+01
6.671148751418488132e+01
5.863872223854507126e+01
8.500794146822011044e+01
7.615920172585504133e+01
5.885150361365209193e+01
6.635508283431698828e+01
7.356997676554966858e+01
8.241873191367389495e+01
7.750283288159451445e+01
8.350113906302215128e+01
8.811424960013492580e+01
8.577657280515413163e+01
7.899064494882682652e+01
8.489335810055443687e+01
9.594736349819180532e+01
9.751988784913415031e+01
9.963318682662084314e+01
9.586272540873353876e+01
9.972838337187177160e+01
1.029591803542424771e+02
1.091118444874960858e+02
1.079978450287372880e+02
1.236454268144347850e+02
1.218724282623985289e+02
1.223333714702397685e+02
1.202045251864268494e+02
1.353552414334072012e+02
1.449058958026526795e+02
1.500843848683719273e+02
1.450926964984174674e+02
1.450073897335581137e+02
1.628400051134244393e+02
1.399577688284330463e+02
1.591607543340575432e+02
1.786391753932529980e+02
1.596101675154870918e+02
1.586362912034740589e+02
1.934662531724789289e+02
1.767272958350821170e+02
1.764459058417934614e+02
1.958372084186117661e+02
2.140865408630374134e+02
2.086881558791644125e+02
2.130442419076674980e+02
2.124339901159148098e+02
1.955605313751553922e+02
1.941564976468980603e+02
2.264245939899918767e+02
1.934091038013674506e+02
2.263654706496854487e+02
2.364301538904988718e+02
2.274499353102114583e+02
2.157123133201066594e+02
2.559471422505493479e+02
2.642213889725222202e+02
2.613771313695805816e+02
2.612221269520762235e+02
2.388044196745998988e+02
2.537516870412238177e+02
2.741870374722594761e+02
2.573139323729371881e+02
2.355666871395395674e+02
2.784050632158080703e+02
2.474488373363668359e+02
2.778558979603181456e+02
2.717882128546563081e+02
2.579351491473653937e+02
2.691428290371425760e+02
2.879918682689005323e+02
2.449427568186924304e+02
2.651641444337168991e+02
2.873860281433940713e+02
2.806794544243857104e+02
2.513637614942971368e+02
2.937382441129522022e+02
3.040805116371757890e+02
2.667056003027173574e+02
2.602535801062363703e+02
2.788084651958857876e+02
3.111791028471623690e+02
2.721185292604167216e+02
3.187081589609793468e+02
2.837777467444049648e+02
3.246773758794271885e+02
3.342635083190212981e+02
3.350656817019893197e+02
3.257488751617406137e+02
3.105030988707662232e+02
3.516390362375143468e+02
3.177717214018516074e+02
3.533977893530870915e+02
3.237651959927302414e+02
3.312483120697615391e+02
3.534439589760527838e+02
3.385176389110009723e+02
3.578796965722495429e+02
3.471033873786557820e+02
3.697836257395330790e+02
3.717241246102992704e+02
2.404269078395244819e+01
5.038237877701624967e+01
9.269641613671231539e+01
3.266851653294785507e+01
6.617633640856561783e+01
9.704415789266603554e+01
7.949888592911135277e+01
1.130913853022481277e+02
6.071679821072915928e+01
5.102411657157304603e+01
1.045149639968680475e+02
1.246180970067014186e+02
1.184347701123528367e+02
7.681170149873180719e+01
1.264114998789694795e+02
7.139745084209680215e+01
8.708032872940181335e+01
1.305516665840032431e+02
1.138333992477764554e+02
8.151880222698760292e+01
9.218508127628247451e+01
1.435129919022113256e+02
1.428264615553731005e+02
1.339123487313565875e+02
1.552266434270662216e+02
1.104742635659043941e+02
1.429986949556188733e+02
1.153557351914482325e+02
1.662477726499843413e+02
1.573779295533989000e+02
1.320482388512043030e+02
1.537781629250254696e+02
1.720194045321005660e+02
1.886530569390730818e+02
1.876348389767684068e+02
1.747756950790670771e+02
1.598099906769348024e+02
2.007203748643527206e+02
1.603853759055203057e+02
1.937087189767611335e+02
2.190696544080319654e+02
1.753778733395675999e+02
1.800678430693449172e+02
2.387995177773315163e+02
1.935728074896958049e+02
1.917531541180384238e+02
2.399208240782096482e+02
2.570647952834926286e+02
2.498394016930111263e+02
2.595612396387554668e+02
2.533187298430578949e+02
2.199852662891319710e+02
2.170014876671388606e+02
2.715474991891547347e+02
2.183141750556010834e+02
2.687828410386750875e+02
2.812246036486958474e+02
2.689478120320102335e+02
2.448379763953598740e+02
2.987556684034531145e+02
3.063938356865592709e+02
3.053105780651118266e+02
3.044553960318926329e+02
2.691802131096899870e+02
2.929706761804062012e+02
3.169955636251630153e+02
2.897958922139458195e+02
2.582413141021085039e+02
3.212322031909909583e+02
2.756408528969278109e+02
3.177182223441006954e+02
3.081391517514763905e+02
2.889219213755624764e+02
3.056043999880537854e+02
3.290295665821169564e+02
2.680813093584266653e+02
2.956073109633857712e+02
3.273674384636826744e+02
3.172412531829138516e+02
2.734032196127262750e+02
3.365467702658555140e+02
3.451162304841635091e+02
2.939590726127951825e+02
2.834888086995895833e+02
3.063749252763721529e+02
3.510821669359317525e+02
2.952226748081448591e+02
3.597840872397082990e+02
3.059847139027341996e+02
3.640854968107793752e+02
3.737973488657507346e+02
3.725551181717478926e+02
3.570303032477209513e+02
3.352221984176782712e+02
3.905153917954274334e+02
3.408780254951643087e+02
3.932736126128758087e+02
3.461644836985962570e+02
3.554965014669069774e+02
3.877253702943151552e+02
3.661246161603244786e+02
3.821225157092018776e+02
3.697248357723375989e+02
3.959030260587108501e+02
3.952469771767353564e+02
2.649043226251250971e+01
6.934614369976337400e+01
1.982076723596757262e+01
4.371282608239205558e+01
1.063852888031668442e+02
5.767322615801437991e+01
1.157483893361360430e+02
4.126222481088634453e+01
3.703870305693494913e+01
1.100505549271270098e+02
1.083431089241591536e+02
1.229699184549000677e+02
5.845187932380687812e+01
1.321187955851759739e+02
5.859545304049208170e+01
7.034174974213523512e+01
1.343532354376319233e+02
1.121115731056664941e+02
7.025610147536720262e+01
7.916560466504536464e+01
1.477408677887186172e+02
1.438597762165085783e+02
1.313012068822252161e+02
1.380695378744801189e+02
9.538942039868177858e+01
1.399682063291019745e+02
1.044590790948286951e+02
1.635812896199755073e+02
1.541903549007853940e+02
1.203296154227568877e+02
1.372576451967989328e+02
1.685071357515298018e+02
1.867128027377103763e+02
1.841225701961977848e+02
1.706260270748149424e+02
1.513212728318282529e+02
1.970752325349021135e+02
1.522881513237743718e+02
1.797419780481332623e+02
2.155189954072778278e+02
1.661421773083869198e+02
1.719706184875990402e+02
2.238400241075023018e+02
1.851829450334151090e+02
1.832644362729319312e+02
2.253716997383405385e+02
2.540343066569755024e+02
2.461942593635604908e+02
2.446565912229751518e+02
2.496735875136072309e+02
2.098869905802905009e+02
2.075372364111747743e+02
2.626516769139723806e+02
2.101708577070773458e+02
2.557909165768929256e+02
2.672015334193761760e+02
2.565374171957409999e+02
2.388683372270046164e+02
2.957251797769355335e+02
3.028093049487380313e+02
2.923070060147850882e+02
2.925360403335853334e+02
2.588909910495269173e+02
2.820314822316685763e+02
3.120291008708228446e+02
2.854770314853785749e+02
2.500878728872392571e+02
3.100635401818565242e+02
2.659317366020908366e+02
3.135560746157145218e+02
3.038202910229088616e+02
2.788759085138835303e+02
2.953151779278902609e+02
3.253844242526657808e+02
2.599278681435575322e+02
2.906748818140424078e+02
3.232052907352967850e+02
3.129223924543460384e+02
2.652497783978571988e+02
3.245393696268656072e+02
3.414710881547125609e+02
2.858056313979261631e+02
2.753353674847202797e+02
2.970809945190085273e+02
3.401466856373381233e+02
2.870692335932758397e+02
3.561389449102571234e+02
2.975948514464535606e+02
3.533603471782650445e+02
3.694784881371830920e+02
3.622658961115848228e+02
3.478990790235640702e+02
3.268323359613976322e+02
3.801767295067500640e+02
3.327245842802955735e+02
3.885698425424857874e+02
3.380110424837275218e+02
3.471066390106262247e+02
3.785941460701573646e+02
3.569933919361673134e+02
3.739690744943325740e+02
3.615713945574687500e+02
3.877495848438412054e+02
3.870935359618657117e+02
4.448303652924660412e+01
3.030421236246340655e+01
2.201830321744425589e+01
8.970762424499858412e+01
3.583527208766367522e+01
9.206188091399745588e+01
2.717971725610309264e+01
3.322708434377730669e+01
1.084573792317296608e+02
8.561287390012309118e+01
1.181352962340861268e+02
4.267631519558405273e+01
1.117030087119165103e+02
4.974442140986658956e+01
5.555270296266656516e+01
1.264650466517775698e+02
1.132348339034517011e+02
6.276255464621351621e+01
6.654352500470767495e+01
1.319961546457167572e+02
1.398266339944376853e+02
1.315240140854449180e+02
1.162267408682510279e+02
8.113785391356894650e+01
1.395092354004405877e+02
9.182864672355107416e+01
1.623870528412432748e+02
1.533611159788341922e+02
1.060780489376439562e+02
1.215711536779982822e+02
1.670342246794156154e+02
1.772578592840233398e+02
1.824331307292049189e+02
1.670951695321515729e+02
1.388412963833437743e+02
1.952774780880621677e+02
1.448206843206536689e+02
1.647363131519362867e+02
2.119614049726073404e+02
1.513160804460033262e+02
1.642768743536256579e+02
2.083077916110266585e+02
1.722826807104538034e+02
1.687978720671397355e+02
2.098394672418648668e+02
2.380479288092893171e+02
2.378814576873035094e+02
2.286749788954967926e+02
2.417189137905412792e+02
1.950335518859809838e+02
1.926837977168652571e+02
2.446336609549692014e+02
2.016663813483145304e+02
2.402586840804171686e+02
2.516693009229002485e+02
2.410051846992652429e+02
2.323888572283838698e+02
2.777091155626499130e+02
2.876992215612918926e+02
2.767747735183092459e+02
2.770038078371094912e+02
2.440375523552173718e+02
2.669964085733662387e+02
2.958370571467393120e+02
2.796157704368805526e+02
2.408035673461687907e+02
2.945313076853808525e+02
2.510782979077812627e+02
3.058783781077979143e+02
2.980204636515939001e+02
2.640224698195740416e+02
2.804617392335807722e+02
3.146503964952182741e+02
2.511234103558060724e+02
2.836380502175497895e+02
3.151294045914032722e+02
3.071225650830310769e+02
2.522775785325376035e+02
3.090071371303898786e+02
3.307678855124144661e+02
2.772566429092664180e+02
2.665309096969688767e+02
2.822275558246989249e+02
3.252283711918795461e+02
2.771696807773196269e+02
3.434434960522556821e+02
2.829265230456060749e+02
3.385069084839553284e+02
3.614033900576668543e+02
3.474124574172749931e+02
3.330456403292544110e+02
3.121437181031904515e+02
3.653232908124402911e+02
3.223087719551001555e+02
3.800028491623561422e+02
3.244259155604646594e+02
3.324180211524191577e+02
3.637407073758477623e+02
3.421399532418574836e+02
3.595811626041660816e+02
3.485807955619197287e+02
3.785786325792912521e+02
3.765721494237709521e+02
6.449980612701264704e+01
2.793067865158765528e+01
4.528300677827064646e+01
2.085119313775572181e+01
4.892877509582043416e+01
3.975483721169062079e+01
5.475717960280181273e+01
6.434195824597956914e+01
4.539306189374855904e+01
7.453838761666997925e+01
3.656611491351040399e+01
6.923677206867893119e+01
5.329268784168728956e+01
4.385425443805221590e+01
8.374038551199464564e+01
8.851977248546914723e+01
6.118990467063667182e+01
5.767614405256081511e+01
9.019823795639086939e+01
9.736039735120019145e+01
9.928042084580309279e+01
7.864903302145464181e+01
6.368635834964741349e+01
1.122220255159819828e+02
7.516834217632394655e+01
1.205208196888733880e+02
1.236895572780838961e+02
8.625894132185577234e+01
9.143711715797242334e+01
1.351906745129844865e+02
1.370766587040296827e+02
1.475856765124912897e+02
1.486758158148938094e+02
1.182558698684949405e+02
1.588366201687924502e+02
1.277026746093697227e+02
1.342792214683639713e+02
1.719142271715322181e+02
1.280467874235334023e+02
1.463616509187847328e+02
1.721457293572422316e+02
1.498673206513087166e+02
1.451631818720496199e+02
1.744503662612560504e+02
2.011422768033869204e+02
1.996909864755619992e+02
1.924208075291257387e+02
2.035284425787998543e+02
1.700912524312588516e+02
1.680630874920610438e+02
2.080545127093253939e+02
1.810168546757521426e+02
2.051020449503758982e+02
2.158039875033788064e+02
2.060704390426273278e+02
2.117393861184509092e+02
2.411299673170064182e+02
2.511200733156484546e+02
2.407509649824603457e+02
2.408478303160842984e+02
2.168448709803624013e+02
2.323648448838682725e+02
2.592579089010958455e+02
2.502767334227613674e+02
2.170916466527737327e+02
2.588158221131122900e+02
2.248642189463342334e+02
2.685279938433938014e+02
2.633274029169348296e+02
2.363279423381848972e+02
2.477559868797868035e+02
2.773000122308140476e+02
2.277267796294595712e+02
2.597213934149580723e+02
2.777790203269989888e+02
2.721481330755408976e+02
2.282708338469827538e+02
2.733675178988331140e+02
2.934175012480100690e+02
2.542249111099488630e+02
2.427596180850946155e+02
2.562941789005950568e+02
2.902171309702447388e+02
2.532277923865551941e+02
3.068643478066117609e+02
2.585515037606233477e+02
3.037154040025093877e+02
3.240530057932623436e+02
3.136788395446330924e+02
3.042642086139916273e+02
2.877686988182072696e+02
3.306770643605970008e+02
2.983668835643354100e+02
3.427477668864579528e+02
3.001790154739454124e+02
3.080430018674357484e+02
3.320571168186967839e+02
3.168221133535416811e+02
3.352061433191828996e+02
3.243393667166573096e+02
3.546367441885266203e+02
3.524342934604741231e+02
3.681813486393475898e+01
8.969921072496660486e+01
4.832024019267992543e+01
1.046304409905471573e+02
2.843776009304379926e+01
1.882899944201077602e+01
9.230118950932063626e+01
9.873817077938883813e+01
1.040374314158350586e+02
4.430700474037505643e+01
1.142992811233874733e+02
3.977008384088099291e+01
5.457629070392856363e+01
1.145511693684719461e+02
9.229853931098715236e+01
5.087994729471909494e+01
6.090777757684547566e+01
1.280165698554153835e+02
1.240467424218292081e+02
1.114881730875458885e+02
1.243778283884647351e+02
7.905665474628143841e+01
1.201551725344225900e+02
8.523943765719707244e+01
1.437682558252961371e+02
1.343773211061060522e+02
1.024143288896097914e+02
1.214379575428295936e+02
1.486941019568504601e+02
1.668997689430310345e+02
1.643095364015184430e+02
1.508129932801356006e+02
1.316086258679783043e+02
1.772621987402227717e+02
1.324869183659243674e+02
1.637263364937194865e+02
1.957059616125984860e+02
1.471765085306111871e+02
1.521693855297490643e+02
2.079926604669878429e+02
1.653817120755651331e+02
1.635517893090820962e+02
2.095243360978260512e+02
2.342212728622961606e+02
2.263812255688811490e+02
2.288092275824606077e+02
2.298605537189278891e+02
1.917839014801756718e+02
1.888001228581825899e+02
2.468043132734578080e+02
1.903696247492273699e+02
2.399435529363783814e+02
2.513541697788614613e+02
2.406312510793527224e+02
2.190671042691546404e+02
2.759121459822567317e+02
2.829962711540591727e+02
2.764596423742704587e+02
2.766886766930707040e+02
2.409788483007337447e+02
2.647693113714499873e+02
2.941520412039668031e+02
2.656639976906997163e+02
2.302866399293892812e+02
2.942161765413422359e+02
2.474394880879716538e+02
2.937430408210357200e+02
2.840072572282300598e+02
2.607205565666063194e+02
2.774030351790974578e+02
3.055713904579869791e+02
2.401266351857076131e+02
2.708736488561925171e+02
3.033922569406179832e+02
2.931093586596672367e+02
2.454485454400073365e+02
3.086920059863509778e+02
3.216580543600336455e+02
2.660043984400762156e+02
2.555341345268705879e+02
2.781838298622415664e+02
3.228808021269754249e+02
2.672680006354258921e+02
3.363259111155783216e+02
2.777936184886036131e+02
3.358841320018231613e+02
3.496654543425042903e+02
3.443537533627916787e+02
3.288392078335903648e+02
3.070311030035476847e+02
3.623140269864712195e+02
3.129233513224456260e+02
3.687686095846358398e+02
3.182098095258775743e+02
3.273054060527762772e+02
3.595342748801841140e+02
3.379335207461935511e+02
3.541678415364826265e+02
3.417701615996188025e+02
3.679483518859912579e+02
3.672923030040157641e+02
7.160667761620176464e+01
1.427424234913554812e+01
7.230964580000569697e+01
1.372420195326087367e+01
2.798487983511321175e+01
8.936962821256439327e+01
6.469476628641842808e+01
9.856590837272634076e+01
2.266150588473063010e+01
9.112042226638675402e+01
3.475533685256068850e+01
3.538332968734695783e+01
1.059478304138194744e+02
1.000979752896280246e+02
4.666036618728955432e+01
4.781953269699793196e+01
1.111884814458393151e+02
1.192440475489080143e+02
1.176052740265862866e+02
9.466571112972286528e+01
6.098859397522263492e+01
1.244002668045325493e+02
7.167938678520479812e+01
1.414938612094610733e+02
1.374195835117092486e+02
8.554977643981588642e+01
1.002956731624826006e+02
1.504303589056009116e+02
1.561990394242306195e+02
1.656515197055094575e+02
1.495218143494806213e+02
1.183130238855155341e+02
1.784331071001611235e+02
1.255429818977824539e+02
1.437326512621023369e+02
1.904825088596584806e+02
1.305955422688354588e+02
1.445727980975838136e+02
1.868388709850850375e+02
1.517544082126253500e+02
1.480773338899718397e+02
1.887909144868077931e+02
2.164868990707610408e+02
2.163204279487752331e+02
2.071139491569685163e+02
2.201578840520130029e+02
1.743115597739846123e+02
1.719632595396973045e+02
2.230726312164409251e+02
1.811381088504862760e+02
2.192550221905831620e+02
2.304971291312215840e+02
2.200015228094312931e+02
2.118605847305557006e+02
2.561480858241217788e+02
2.661381918227640426e+02
2.554441066103030664e+02
2.555409719439270191e+02
2.233155602432209719e+02
2.459927466835323742e+02
2.742760274082114620e+02
2.609902430277015242e+02
2.201343733460836631e+02
2.735089637409550960e+02
2.303563057957848912e+02
2.843173483692700643e+02
2.796632548908920057e+02
2.433004777075777838e+02
2.597397471215845144e+02
2.930893667566904242e+02
2.304761951279957941e+02
2.631097777197218761e+02
2.935683748528754222e+02
2.884786598873107550e+02
2.315570403553697076e+02
2.880034752405560425e+02
3.092068557738866161e+02
2.567283704114384477e+02
2.458836944691587121e+02
2.615070176475311996e+02
3.042247093020455964e+02
2.564491426001518448e+02
3.218824663137278321e+02
2.622059848684384065e+02
3.177037986574379715e+02
3.398423603191390043e+02
3.266904653052793606e+02
3.123251021520870836e+02
2.914231799260228399e+02
3.445967279766265392e+02
3.015882337779325439e+02
3.584418194238282922e+02
3.037053773832969910e+02
3.116974829752517735e+02
3.430201691986807759e+02
3.214194150646904973e+02
3.388606244269992658e+02
3.278602573847530266e+02
3.578580944021242658e+02
3.558516112466039658e+02
6.018383905129734757e+01
1.612500276609881311e+01
8.094678670957588906e+01
8.829368947294810255e+01
2.007648317334109933e+01
2.941954729023080972e+01
3.314725575081502029e+01
7.108983132891671630e+01
3.442884180483360979e+01
8.291812106568995944e+01
7.034997279285664717e+01
4.472567244415348142e+01
4.395030270727591670e+01
7.616211987747256273e+01
8.020515088605117171e+01
5.544390290208264815e+01
5.898306633007080535e+01
5.745328208942688519e+01
5.849623862633831806e+01
7.535620003525001209e+01
7.060406890161816307e+01
8.532479323675345029e+01
8.321892877888849682e+01
8.265580310465659863e+01
9.039953771234985425e+01
8.311864243446201783e+01
9.585907162680138072e+01
1.031969976877870465e+02
1.101497307321861996e+02
1.071180350967154595e+02
1.139624383789701767e+02
1.220965980947496377e+02
1.071073158229076228e+02
1.176971084019703966e+02
1.370779744347995859e+02
1.224383469941428899e+02
1.239347594758595932e+02
1.505783409300662754e+02
1.433204823782857034e+02
1.371901740398013487e+02
1.533511484635701265e+02
1.723834634976869324e+02
1.670456136946881429e+02
1.701563296652547308e+02
1.707914479314385119e+02
1.540968854430683166e+02
1.526928517148109563e+02
1.835327599320204683e+02
1.573825574468351078e+02
1.834775584072728805e+02
1.935422416480862182e+02
1.845659705973577331e+02
1.776705432270844085e+02
2.142440648851990943e+02
2.225183116071717109e+02
2.184892191271678996e+02
2.183302928941047583e+02
1.969822076879805195e+02
2.109690487446456189e+02
2.324839601069087962e+02
2.158942181738948989e+02
1.996653693066959363e+02
2.359907504821754003e+02
2.056351605388028361e+02
2.362133557758417624e+02
2.302150180734391256e+02
2.159692924011007165e+02
2.264786250154090510e+02
2.463493260844240353e+02
2.086276690240242147e+02
2.238491567049894115e+02
2.457434859589175744e+02
2.390920209148427773e+02
2.139127610084388209e+02
2.512637014821836772e+02
2.624379694526994058e+02
2.284116051343931986e+02
2.236390097961593142e+02
2.369791780256142886e+02
2.682911906047495449e+02
2.358690840441896626e+02
2.770647914454123679e+02
2.422173758416049623e+02
2.817894636370141939e+02
2.926209661345447444e+02
2.922700549471215368e+02
2.832800202424929239e+02
2.689427279679660501e+02
3.087511239951014090e+02
2.803166688633542663e+02
3.117552471686104241e+02
2.841152519879186684e+02
2.896879411669615934e+02
3.106920187437908112e+02
2.960487839917531119e+02
3.159259368381929107e+02
3.080120750813691188e+02
3.283239566427327532e+02
3.329773315617377420e+02
5.942552023693046692e+01
2.087844604486630828e+01
3.537001768187831630e+01
7.714489638812175087e+01
5.088337816242577816e+01
8.542564925780931162e+01
1.663287339472047677e+01
7.771466531945610257e+01
3.312870714299297958e+01
2.682167803145805252e+01
9.254207346688885139e+01
9.554402096771453046e+01
4.222698577940128928e+01
4.053034085572043921e+01
9.737709332184674338e+01
1.055644292556107047e+02
1.093137166325850558e+02
8.059217910241316929e+01
5.121281233527687959e+01
1.175178506909915512e+02
6.255241945731600595e+01
1.276824730854684731e+02
1.303543951109726891e+02
7.525219569236614348e+01
8.902194995305241321e+01
1.425613489964575251e+02
1.423242878861502447e+02
1.543793564086109313e+02
1.418729950941826985e+02
1.080154431380658906e+02
1.645583555620806635e+02
1.164025504878931798e+02
1.325137259247113093e+02
1.765064037699570747e+02
1.200690076747911945e+02
1.350615267973082041e+02
1.727653389577753558e+02
1.414494763146893774e+02
1.375507992959278454e+02
1.747173824594981113e+02
2.024133670434513590e+02
2.022468959214655513e+02
1.930404171296588345e+02
2.060843520247033211e+02
1.637835634808297414e+02
1.614367249456533386e+02
2.089990991891312433e+02
1.708405281030367462e+02
2.053690653942817335e+02
2.164235971039119022e+02
2.063374594865331630e+02
2.015630039831061424e+02
2.420745537968120971e+02
2.520646597954542472e+02
2.413705745829933846e+02
2.414674399166173373e+02
2.127875639500662146e+02
2.324544132355572685e+02
2.602024953809017234e+02
2.506926622802518239e+02
2.096078387520395268e+02
2.594354317136453574e+02
2.198283095026302476e+02
2.702438163419603256e+02
2.659981200159786567e+02
2.327724814144230550e+02
2.475829669753958058e+02
2.790158347293806855e+02
2.199496605339516577e+02
2.528121969722720905e+02
2.794948428255656836e+02
2.748188501745848384e+02
2.210305057613255713e+02
2.739871274993663519e+02
2.951333237465768775e+02
2.464307896639888043e+02
2.353571598751145757e+02
2.509804830534870348e+02
2.905709628949165335e+02
2.459226080061076800e+02
3.078089342864180935e+02
2.516794502743941848e+02
3.040692359271815803e+02
3.257688282918292657e+02
3.137684078963225716e+02
3.017985675580421798e+02
2.808966453319785614e+02
3.310308962852693639e+02
2.910616991838879812e+02
3.443682873965185536e+02
2.931788427892524282e+02
3.011709483812069834e+02
3.318078325894488216e+02
3.108928804706455367e+02
3.283340898329541915e+02
3.173337227907078955e+02
3.473315598080793620e+02
3.453250766525590620e+02
7.957821919777069297e+01
9.320085440480075079e+01
2.030713573580618458e+01
1.612292422562890692e+01
2.636339102645958121e+01
6.752987927969481063e+01
2.133926484400016577e+01
8.115402619485966795e+01
6.391974361881663214e+01
3.493900872435019522e+01
4.265737973375770054e+01
8.144548970267781840e+01
7.155055593238833467e+01
4.281985385510880349e+01
4.888412383108958181e+01
5.099414235359627412e+01
4.237123586023953692e+01
6.444715696172735875e+01
6.381537387946065110e+01
7.340738018296336520e+01
7.260645059446993343e+01
7.491979019601076573e+01
7.690874958454132582e+01
6.741772289257937700e+01
8.672889940283802446e+01
9.151847373304950395e+01
9.970756198236209400e+01
1.002010358899891571e+02
1.021438006657093212e+02
1.113868498727521086e+02
1.038803304971422676e+02
1.015721056358715657e+02
1.262628045184120822e+02
1.064498710932353447e+02
1.194403401429198937e+02
1.350362459383790679e+02
1.271954796121868867e+02
1.210651712737025889e+02
1.378090534718829190e+02
1.579243033955301030e+02
1.548455203889394625e+02
1.546142346735675517e+02
1.586829764921772039e+02
1.379718826769694999e+02
1.365678489487121396e+02
1.680446966973710232e+02
1.507372457652041362e+02
1.679354634155856445e+02
1.780001466563990675e+02
1.690238756056705256e+02
1.679204480376596393e+02
2.002583503871198900e+02
2.090450575977121730e+02
2.029471241354807489e+02
2.028422296594552279e+02
1.809524639608009977e+02
1.954269537529584682e+02
2.184982456088295919e+02
2.051844699518972561e+02
1.890860545287535501e+02
2.205154592634055177e+02
1.896054168116233711e+02
2.240860451560929789e+02
2.184199584010229955e+02
2.000831934335664357e+02
2.109365300237219003e+02
2.331266456902767743e+02
1.998543072340178810e+02
2.131394084829917688e+02
2.334035743019160236e+02
2.272406885596292341e+02
1.977877582423400042e+02
2.357216064904965265e+02
2.492441347074728242e+02
2.183326667137607444e+02
2.141919687648567674e+02
2.209565094820867159e+02
2.527490956130624795e+02
2.237589616446713308e+02
2.636738169798564400e+02
2.260923730755061456e+02
2.662473686453274127e+02
2.797896054801555579e+02
2.767279599554346419e+02
2.677379252508060290e+02
2.528177252018674039e+02
2.932090290034143436e+02
2.680217883844521793e+02
2.985744003459213332e+02
2.679902492218199654e+02
2.735629384008628904e+02
2.951499237521038026e+02
2.805066890000662738e+02
3.001943229033508942e+02
2.918870723152704727e+02
3.164726242875189541e+02
3.209794076696870206e+02
1.500315137619939065e+01
9.616042870304825385e+01
7.045915826921377345e+01
1.028142333415766672e+02
1.726962826177654264e+01
9.734070981027146274e+01
2.307602871188422000e+01
2.944065398284219626e+01
1.111419699550069708e+02
8.790971099595813598e+01
3.580958975147839851e+01
3.957332102116043160e+01
1.167544156401481530e+02
1.191791486557566060e+02
1.058221660292483080e+02
9.711927748470654365e+01
5.486654581590725144e+01
1.134521266211209110e+02
6.524212526565943904e+01
1.379119946995617170e+02
1.269642907677853430e+02
7.980674083998233925e+01
9.629289521218838388e+01
1.405244218070358215e+02
1.600634201370708354e+02
1.558367656037816573e+02
1.402000786529393110e+02
1.125699882856820153e+02
1.686811129626388777e+02
1.178504803371065321e+02
1.389454621532882186e+02
1.871248758350146204e+02
1.253730032454678849e+02
1.373066703700784501e+02
1.829206817710367261e+02
1.460113726127918881e+02
1.428547948666043794e+02
1.844523574018749059e+02
2.163583183060148087e+02
2.174504944392784864e+02
2.037372488865095193e+02
2.212794679413438246e+02
1.690904746854456846e+02
1.667407205163299579e+02
2.217323345775067480e+02
1.749641997062218763e+02
2.148715742404272930e+02
2.262821910829104013e+02
2.156180748592753957e+02
2.054849579188589814e+02
2.549366390773031128e+02
2.649267450759447229e+02
2.513876636783195408e+02
2.516166979971197861e+02
2.180944751546820726e+02
2.412349663368238737e+02
2.711097585343572405e+02
2.526455664533334868e+02
2.145322592485069038e+02
2.691441978453910906e+02
2.251352207072459635e+02
2.813915684283866767e+02
2.710502596680468628e+02
2.380793926190388561e+02
2.545186620330456151e+02
2.926480828428705649e+02
2.247212101427022901e+02
2.569358685754574481e+02
2.907016100686438449e+02
2.801523610994840396e+02
2.263345013320023043e+02
2.836200272904001167e+02
3.086084587196732514e+02
2.505989733970708357e+02
2.401287094838652081e+02
2.562844786241637394e+02
2.993501697424931081e+02
2.509095760628354412e+02
3.188861696987544860e+02
2.569834458450709462e+02
3.125638312834200292e+02
3.356419532718597338e+02
3.214693802167397507e+02
3.071025631287189981e+02
2.862006409026550386e+02
3.393802136119050488e+02
2.961225555353437926e+02
3.533631845416310284e+02
2.984828383599290760e+02
3.064749439518838017e+02
3.377976301753125199e+02
3.161968760413222412e+02
3.336380854036308392e+02
3.226377183613844863e+02
3.523924161595359124e+02
3.505660072640572480e+02
8.598201960620112061e+01
8.262664631914792324e+01
9.461498808020564866e+01
2.692943660527981109e+01
1.068745444577373718e+02
2.157057401492249582e+01
3.636309294663715264e+01
1.030784753259302704e+02
8.044271058419643339e+01
3.334222804673508023e+01
4.279087038969557710e+01
1.165438758128737220e+02
1.120996019271866970e+02
9.880561249309390348e+01
1.065117860748307237e+02
6.045742023544121224e+01
1.069514027721811686e+02
6.745776086468448796e+01
1.309370744777340860e+02
1.210880512707374237e+02
8.463265209709722114e+01
1.028117328228153724e+02
1.352801943794430599e+02
1.540501938234683337e+02
1.508344072493716510e+02
1.362697117538305633e+02
1.147266033998925394e+02
1.636787546082287861e+02
1.161253941252294055e+02
1.449429589421260118e+02
1.821225174806046709e+02
1.299160736944943153e+02
1.358059080774860661e+02
1.893368122414659354e+02
1.487976071690151230e+02
1.466697668409960897e+02
1.908684878723041152e+02
2.210149786743901075e+02
2.127977814368873908e+02
2.101533793569385864e+02
2.162771095869340741e+02
1.745340257970690345e+02
1.719155549819959674e+02
2.281484650479359004e+02
1.738237263706660656e+02
2.212825966453773390e+02
2.326983215533395537e+02
2.218478735277592762e+02
2.032570895089536975e+02
2.613527695477323505e+02
2.694128270220653008e+02
2.578037941487487501e+02
2.580328284675489954e+02
2.237087182289135399e+02
2.472321823062675605e+02
2.775258890047868476e+02
2.499183408336666332e+02
2.137407415508279769e+02
2.755603283158206409e+02
2.305574656198858179e+02
2.786643428087199368e+02
2.683230340483800660e+02
2.436936356932707213e+02
2.601329051072775087e+02
2.919879463259932777e+02
2.235807368071463088e+02
2.550636340959916026e+02
2.879743844489770481e+02
2.774251354798172997e+02
2.289026470614460322e+02
2.900361577608296670e+02
3.073956336388062596e+02
2.494585000615149397e+02
2.389882361483092836e+02
2.613154276439514661e+02
3.053473857119366812e+02
2.507221022568646163e+02
3.227424669835845066e+02
2.611256297708529246e+02
3.185610472528638297e+02
3.338688009422606910e+02
3.270836232909719001e+02
3.119710301624435829e+02
2.903428248284373581e+02
3.450438969146520094e+02
2.963774529438846344e+02
3.522227112060750756e+02
3.016639111473165826e+02
3.106171278776660643e+02
3.426660972090373889e+02
3.210653430750469397e+02
3.376059769998782940e+02
3.252242632210579814e+02
3.514024535074304367e+02
3.507464046254549999e+02
3.529951932377252177e+01
1.472059602474324791e+01
8.651718014555383718e+01
2.222144575470633043e+01
7.512960930624007005e+01
8.336617088278664767e+01
2.707288270978098410e+01
2.423546561333935401e+01
6.553834644889080607e+01
7.048203679985803660e+01
3.944443300481940895e+01
4.080587259025973879e+01
3.790671478014260032e+01
5.335456204147317294e+01
7.470682925499856708e+01
5.113619890847666483e+01
6.902314167843142911e+01
6.482356475138814744e+01
6.343446039500354061e+01
7.937786612851422774e+01
8.188629588057212061e+01
7.669582383771107459e+01
8.605972698864184167e+01
9.142496727267597123e+01
8.765016510357395418e+01
9.462588458751413611e+01
1.041396132390871827e+02
8.708719700125664076e+01
1.100916934941387382e+02
1.197930065792422738e+02
1.108598719267269956e+02
1.038780889221451389e+02
1.375166990024956135e+02
1.236955199355284947e+02
1.247787905588956221e+02
1.402895065359994646e+02
1.552403720490268313e+02
1.498419870651538304e+02
1.566106907335722553e+02
1.535878213019042278e+02
1.455966168879626537e+02
1.446836191023148785e+02
1.683730504945171731e+02
1.374077136055234405e+02
1.700176480238265526e+02
1.800635520620866714e+02
1.713118072060441364e+02
1.582697788079725854e+02
1.971009734365387089e+02
2.053752201585114676e+02
2.034656731568052237e+02
2.027804019483872366e+02
1.842493245083425961e+02
1.976987162070805084e+02
2.153408686582486666e+02
1.984677635589265776e+02
1.796905254653845532e+02
2.195588944017972608e+02
1.931465457525857801e+02
2.190097291463073361e+02
2.129420440406455270e+02
2.030371888300009857e+02
2.134169830878380196e+02
2.291456994548896091e+02
1.890665951445376436e+02
2.063179756197061749e+02
2.285398593293831482e+02
2.218332856103748441e+02
1.956092471777951118e+02
2.348920752989413927e+02
2.452343428231648659e+02
2.091988880023026525e+02
2.041711398030178941e+02
2.241507305672507187e+02
2.548286548416486426e+02
2.162423675862617927e+02
2.598619901469682532e+02
2.289115825114652694e+02
2.683269278739136894e+02
2.754173395050102044e+02
2.789032219659800376e+02
2.702183783149227452e+02
2.565176006221101943e+02
2.952885882320013593e+02
2.608502826163980899e+02
2.945516205390759978e+02
2.680077887132655405e+02
2.769494263252229871e+02
2.974216862062269229e+02
2.829871420641829332e+02
3.028642949106229594e+02
2.913037792300672777e+02
3.110652213382649052e+02
3.139733725052595901e+02
3.749921881484176822e+01
5.578249258966717861e+01
2.805148445734992180e+01
6.809677255551160613e+01
5.007873964697457581e+01
4.300740040821155219e+01
5.558189499341388995e+01
6.652734727960938699e+01
5.615986430578791300e+01
4.653717835399705649e+01
5.528223982265478753e+01
6.053360326392494528e+01
3.482118380773044208e+01
4.849248780330191977e+01
7.301671702029088351e+01
5.756618804320640947e+01
7.688400419032718958e+01
8.187042644337714137e+01
6.122612852640203585e+01
5.437164821348001453e+01
9.176288010131641215e+01
9.202808291120770434e+01
1.035918272839322185e+02
1.078736082622071848e+02
8.765645678675817010e+01
1.140383504067958143e+02
1.014875986203937543e+02
9.337039962519759229e+01
1.267508493969538250e+02
9.425166347462334215e+01
1.160927764062584089e+02
1.295613802590628154e+02
1.159686263248478610e+02
1.101436017184525014e+02
1.318660273928260835e+02
1.562191236861714572e+02
1.545327668944457002e+02
1.496396158549249549e+02
1.583702229976834701e+02
1.301123474528857855e+02
1.285390350663269601e+02
1.639337193989086074e+02
1.487361936269189187e+02
1.625177060819461019e+02
1.730232752987817832e+02
1.634861001741974746e+02
1.715470774025829712e+02
1.970091740065894328e+02
2.069992800052314692e+02
1.979702527778633794e+02
1.980671181114873036e+02
1.744274328401568823e+02
1.897805060154384478e+02
2.151371155906788601e+02
2.050961603186226228e+02
1.804232599384726541e+02
2.160351099085154658e+02
1.825746681925137977e+02
2.235296118641479950e+02
2.181468298127958860e+02
1.937447730707839639e+02
2.051716480113570071e+02
2.323768591135983286e+02
1.910823998987317509e+02
2.145580156403796366e+02
2.327973221834733124e+02
2.269675599714020677e+02
1.900505816025700483e+02
2.307447351328793559e+02
2.484943481307944069e+02
2.177772440105945293e+02
2.058491732139447095e+02
2.140046281467747917e+02
2.476327818720654648e+02
2.155831389804146738e+02
2.627435544961949176e+02
2.187767828371318899e+02
2.611310549043302558e+02
2.791298526760464824e+02
2.710945006762032676e+02
2.616810393465908078e+02
2.456289297269132987e+02
2.880927152624174141e+02
2.602846117446821950e+02
2.978246137692421485e+02
2.606622476809282603e+02
2.663741429259086999e+02
2.894727779502667318e+02
2.744498030958508821e+02
2.930055274283968174e+02
2.846982768403161117e+02
3.161994956992912762e+02
3.134444680789482618e+02
9.236396844139110840e+01
1.318749949414570466e+01
8.087059204847909655e+01
8.693323398117286160e+01
1.237991091675380417e+01
1.879389588271988032e+01
6.996457523073780749e+01
7.352545551007224844e+01
2.508283619694288546e+01
2.617595554966774785e+01
2.481027065739651505e+01
4.461115373243998761e+01
7.507655190289253255e+01
3.786190895336183360e+01
6.823309000345253139e+01
5.024156232740886452e+01
4.952947448706068911e+01
7.615002928210249422e+01
7.433402363693710413e+01
6.271946699547299886e+01
7.134968432479819000e+01
7.711573988857584538e+01
7.434927831932272113e+01
8.732706470261180698e+01
8.955761081510783583e+01
7.751714459610681729e+01
9.745096617428048091e+01
1.050829639153986506e+02
1.033278874697285801e+02
9.315996298940038400e+01
1.231927968112127019e+02
1.132784762594146173e+02
1.153568490045652908e+02
1.259656043447165814e+02
1.405303293851831654e+02
1.351319444013101077e+02
1.422490939256955187e+02
1.388777786380605050e+02
1.319718003242127224e+02
1.310588025385648905e+02
1.536900774317955438e+02
1.247779454883098111e+02
1.556817104163688441e+02
1.657019552542099632e+02
1.569758695985864847e+02
1.445719947537426151e+02
1.823909307726950999e+02
1.906651774946678586e+02
1.887556304929616147e+02
1.880703592845436276e+02
1.699298842660431035e+02
1.833627785996227999e+02
2.006308259944050576e+02
1.837577208950829686e+02
1.670607573481707107e+02
2.048488517379536518e+02
1.788271055102862874e+02
2.042996864824636702e+02
1.982320013768019180e+02
1.887177485877014647e+02
1.990930808965552501e+02
2.144356567910459432e+02
1.758558023837055089e+02
1.916079329558625659e+02
2.138298166655394823e+02
2.071232429465312350e+02
1.832489781533202517e+02
2.201820326350977837e+02
2.305243001593212568e+02
1.952720005030648167e+02
1.908527944750068173e+02
2.098312903249509986e+02
2.404927172341909341e+02
2.030972174038708431e+02
2.451519474831246441e+02
2.165513134869905514e+02
2.539909902664558672e+02
2.607072968411663965e+02
2.645672843585220448e+02
2.558944761236397198e+02
2.421981603798105027e+02
2.808389662377687728e+02
2.471770642320260833e+02
2.798415778752319625e+02
2.553780205960516980e+02
2.626255241339399618e+02
2.830857485987687596e+02
2.686632398728999647e+02
2.885403927193400477e+02
2.786740111128534636e+02
2.963551786744209267e+02
2.999970156630218412e+02
8.363253656152467386e+01
1.710868498862814491e+01
1.292410384956895797e+01
9.867101125007893359e+01
7.916190728239836005e+01
2.561806616439109874e+01
2.538929294838547435e+01
1.010818331278983919e+02
1.101326031751904253e+02
9.612980640940619992e+01
8.017688881300371406e+01
3.854097995223268214e+01
1.021546652157023374e+02
4.923177276221488086e+01
1.268847671161737907e+02
1.149912096356834468e+02
6.348117497630776285e+01
7.931325861667924926e+01
1.280019850295750530e+02
1.431210314653682190e+02
1.432231458294835420e+02
1.270934404734547769e+02
9.624442242200746023e+01
1.560674931883407908e+02
1.030684953491245892e+02
1.223289385654490218e+02
1.745112560607165619e+02
1.087564796576286454e+02
1.221251840745939603e+02
1.660376018394811126e+02
1.296858067491174040e+02
1.262382712787651684e+02
1.675692774703192640e+02
1.992276118569813264e+02
2.003266613689962412e+02
1.868541689549537637e+02
2.041641174722340395e+02
1.524739510976064594e+02
1.501241969284906759e+02
2.047947958104495854e+02
1.590695073869781879e+02
1.979884943088715659e+02
2.093991111513547025e+02
1.987349949277196970e+02
1.897919832670475557e+02
2.379991003102458933e+02
2.479892063088878160e+02
2.345045837467638421e+02
2.347336180655640874e+02
2.014779515668426484e+02
2.246184427489844495e+02
2.542266786028017691e+02
2.386352623572602738e+02
1.982066933848325050e+02
2.522611179138355624e+02
2.085186971194065393e+02
2.673812643323135489e+02
2.570399555719736213e+02
2.214628690311994319e+02
2.379021384452061909e+02
2.757105440758139139e+02
2.085265363944697867e+02
2.410411762562134754e+02
2.766913059725705466e+02
2.661420570034109119e+02
2.097179777441628801e+02
2.667369473588447022e+02
2.916709199526166003e+02
2.346597689479302176e+02
2.239340357356327047e+02
2.396679550363243720e+02
2.827336461546537407e+02
2.345840101991610425e+02
3.020030897671995262e+02
2.403669222572315221e+02
2.959473076955809461e+02
3.197281057135971309e+02
3.048528566289006108e+02
2.904860395408798581e+02
2.695841173148157282e+02
3.227636900240659656e+02
2.797491711667253753e+02
3.374239800924910924e+02
2.818663147720896518e+02
2.898584203640445480e+02
3.211811065874733799e+02
2.995803524534831581e+02
3.170215618157916992e+02
3.060211947735453464e+02
3.360190317909169266e+02
3.340125486353966267e+02
9.373837721128217026e+01
7.735518192167280915e+01
1.511021360560341975e+01
3.185299392227756954e+01
8.294398592100982626e+01
8.265101752239382904e+01
2.157034558250591516e+01
2.814904447056310133e+01
3.286421132197650508e+01
3.179183705410651228e+01
7.297427377412896021e+01
4.522762226029308863e+01
8.074987114722516424e+01
5.164985597117237148e+01
5.453922532150546942e+01
7.946813547237601938e+01
6.151470695860364657e+01
6.597932163234742120e+01
7.058937984927963782e+01
7.871471279479014527e+01
8.047780116312932819e+01
9.657427247329466979e+01
9.039389546800640574e+01
8.663143637607566916e+01
8.802822698475097241e+01
1.050132962458091157e+02
9.649144276395520592e+01
1.015229973321994379e+02
1.170596222170530325e+02
1.152876957972758021e+02
1.085080888261086898e+02
1.198324297505569120e+02
1.384385457615329074e+02
1.347818540829399296e+02
1.365987672680774097e+02
1.386061038785991286e+02
1.238128969236554440e+02
1.227393095716553262e+02
1.495531090662578322e+02
1.310008939791434557e+02
1.499199960100955309e+02
1.599846792509089255e+02
1.510472518843444050e+02
1.469275988500877759e+02
1.807725927531227512e+02
1.893459669361174065e+02
1.848495390467890331e+02
1.843506420283422074e+02
1.637624370830047269e+02
1.774503300316322623e+02
1.990124879748325952e+02
1.839749658238414725e+02
1.725063601954238948e+02
2.019841556540304168e+02
1.726596583272478540e+02
2.040223788500939008e+02
1.980353256709171603e+02
1.825503014046630028e+02
1.929599063023955523e+02
2.133498337606599478e+02
1.802253864300697899e+02
1.920470613095082513e+02
2.135525090331698266e+02
2.069123285123208404e+02
1.833634576226199897e+02
2.176054947624853355e+02
2.294673227778560545e+02
1.973398175261888525e+02
1.939525695233253373e+02
2.036638431419125084e+02
2.347336282075723091e+02
2.062895619636070137e+02
2.438970050502394997e+02
2.108207478811430917e+02
2.482319012398372422e+02
2.600127935505386745e+02
2.587513362341081802e+02
2.497613015294795673e+02
2.360307131967719840e+02
2.751935615979243153e+02
2.492448812551502897e+02
2.787975884163042792e+02
2.524048534835746977e+02
2.564923495397798661e+02
2.771733000307775114e+02
2.625300652787397553e+02
2.824072181251796678e+02
2.763016765770249208e+02
2.961442642402107595e+02
3.011752361662562976e+02
1.850485984826389796e+01
8.892082839023548502e+01
6.560773551555273286e+01
1.355951747702906651e+01
2.126336630305556241e+01
1.021356069724127025e+02
9.674752065759746245e+01
8.313672422616001256e+01
8.889217099698325342e+01
3.933844316581982525e+01
9.048138484688051619e+01
4.698755567508794684e+01
1.151212219903845266e+02
1.040165370682214387e+02
6.416244690750066582e+01
8.270538764609617033e+01
1.176896457688028050e+02
1.376597662663638744e+02
1.330885518185921512e+02
1.177407206794040491e+02
9.466187428585135422e+01
1.459328991774493147e+02
9.671621150825467339e+01
1.245262440910516659e+02
1.643766620498249438e+02
1.097644280120296401e+02
1.162760183327370669e+02
1.691752544279343624e+02
1.287328780549740372e+02
1.266050377269549756e+02
1.707069300587725706e+02
2.026656675093809667e+02
1.950519260061074931e+02
1.899918215434070135e+02
1.985312541561542332e+02
1.543823801146043877e+02
1.517639092995313206e+02
2.079869072344043275e+02
1.542615745902420770e+02
2.008658817943026236e+02
2.123624618996148001e+02
2.014311586766845608e+02
1.840597706316806637e+02
2.411912117342006923e+02
2.511813177328426150e+02
2.374679344950239397e+02
2.376969688138241850e+02
2.035570725464488646e+02
2.267481004130030726e+02
2.572194943751488836e+02
2.307210219563934857e+02
1.941785897704038746e+02
2.552244686620956600e+02
2.104670961733535819e+02
2.594670239314466471e+02
2.491257151711067763e+02
2.235419900108060460e+02
2.399812594248128050e+02
2.733416586752071566e+02
2.040185850267220360e+02
2.358663152187184551e+02
2.687770655717039290e+02
2.582278166025440100e+02
2.093404952810217594e+02
2.697002981071046293e+02
2.881983147615330267e+02
2.298963482810906669e+02
2.194260843678850108e+02
2.412506985299102382e+02
2.848633038186724775e+02
2.311599504764403434e+02
3.043121631414729791e+02
2.410609006568116968e+02
2.980769653595996260e+02
3.146714820649875719e+02
3.069319776085070544e+02
2.919063010484023266e+02
2.702780957143959881e+02
3.248922512321872205e+02
2.768153011634601626e+02
3.326605594256508880e+02
2.820712804967513989e+02
2.905523987636247512e+02
3.226013680949960758e+02
3.010006139610056834e+02
3.175412478858370378e+02
3.056621114406332254e+02
3.318403017270061923e+02
3.311842528450306986e+02
9.216425946827051519e+01
6.991077284995530761e+01
1.887829232349472974e+01
1.384116059326837345e+01
9.310939381332680398e+01
1.000967734661278143e+02
8.590809820522417795e+01
7.077846116165672186e+01
2.562701372875695682e+01
9.082605269976448881e+01
3.631780653873912712e+01
1.155561546002359421e+02
1.036625971197455840e+02
5.056720875283201622e+01
6.695798581725154008e+01
1.166733725136371902e+02
1.334204726943298454e+02
1.318945333135458213e+02
1.153142385938207468e+02
8.333045619853167807e+01
1.447388806724029564e+02
9.018140165131673314e+01
1.095062062420665256e+02
1.631826435447787276e+02
9.593374733424614931e+01
1.092112178511181781e+02
1.535165125816198781e+02
1.167718405256416645e+02
1.134155389553826723e+02
1.550481882124580864e+02
1.870058033437783251e+02
1.898828675570637188e+02
1.743330796970926997e+02
1.937203236603014318e+02
1.396512187742238780e+02
1.373014646051081229e+02
1.923281653880899285e+02
1.461555411635024768e+02
1.854674050510104735e+02
1.968780218934935533e+02
1.862139056698585762e+02
1.768780170435718162e+02
2.255324698878862932e+02
2.355225758865282160e+02
2.219834944889026929e+02
2.222125288077029666e+02
1.886552192434601807e+02
2.117957104256020102e+02
2.417055893449406483e+02
2.259276981914469218e+02
1.852927271613567655e+02
2.397400286559744131e+02
1.956959647960240716e+02
2.548975787252871044e+02
2.444048765668880776e+02
2.086401367078169642e+02
2.250794061218237232e+02
2.632439136534540012e+02
1.956125701709940472e+02
2.281272100327377927e+02
2.641694118414435479e+02
2.534960922003266148e+02
1.968952454207804124e+02
2.542158581009833540e+02
2.792042895302569150e+02
2.217458027244544780e+02
2.110200695121569652e+02
2.268452227129419043e+02
2.699109138312713299e+02
2.216700439756853029e+02
2.894820005093380360e+02
2.275441899338490543e+02
2.831245753721984215e+02
3.068141394901210219e+02
2.920301243055180862e+02
2.776633072174972767e+02
2.567613849914333741e+02
3.099409577006833842e+02
2.668830234481935690e+02
3.245100138690149834e+02
2.690435824487072978e+02
2.770356880406620803e+02
3.083583742640907985e+02
2.867576201301005767e+02
3.041988294924091747e+02
2.931984624501627650e+02
3.231528840723855751e+02
3.211898163120140453e+02
2.355570732559347746e+01
7.724503657128104805e+01
7.989537990645567334e+01
1.369264226724144429e+01
1.431350606815165705e+01
1.864718566864168281e+01
3.934475365963891136e+01
7.990751468960377224e+01
3.071663189219556855e+01
7.148096426271425230e+01
3.852595302949759315e+01
3.999590396901596279e+01
7.791036761517639775e+01
6.886033054684456545e+01
5.204674362113095754e+01
5.939654058942407744e+01
6.564562686909563638e+01
6.591545278246512396e+01
8.434217482582295133e+01
7.782922012078576302e+01
7.255365829718996906e+01
8.680863086942582640e+01
9.319334593170177072e+01
9.891356162362922078e+01
8.711301839633149768e+01
1.115889576655634272e+02
1.077586506870426035e+02
1.083197607617273235e+02
1.143617651990672925e+02
1.285830063993241481e+02
1.232423264176132705e+02
1.302265347164378966e+02
1.269881606543636963e+02
1.208545697003030313e+02
1.200421506809432515e+02
1.414472087525361985e+02
1.164575726266538283e+02
1.440757942838737051e+02
1.536793960449523411e+02
1.453699534660913457e+02
1.337620618421649112e+02
1.704436077868362247e+02
1.787178545088088413e+02
1.766335044012093363e+02
1.761201580404451477e+02
1.583747475807594185e+02
1.717568624671276893e+02
1.886835030085459266e+02
1.718681029113861314e+02
1.585633530716872031e+02
1.929015287520945208e+02
1.672719688250025740e+02
1.924100684987669183e+02
1.863423833931050808e+02
1.771626119024177513e+02
1.874892417509060749e+02
2.025460388073491913e+02
1.667301575915852823e+02
1.797183149721657287e+02
2.019401986818427304e+02
1.952336249628344262e+02
1.753165577654592369e+02
2.082347096492386527e+02
2.186346821756244481e+02
1.841742805182661016e+02
1.807290181851208217e+02
1.982761536396672852e+02
2.288376362340592891e+02
1.931221847642902958e+02
2.332623294994278353e+02
2.055611444156264724e+02
2.423359092663243928e+02
2.488176788574696729e+02
2.529613682260269911e+02
2.442906369779903457e+02
2.306430236945267893e+02
2.688916432519094428e+02
2.360793442472277377e+02
2.679519598915351821e+02
2.466513021299852824e+02
2.510216849882905876e+02
2.714798324662735922e+02
2.570594007272506474e+02
2.769365535736905031e+02
2.687600179099804336e+02
2.844655606907241463e+02
2.888464898289133771e+02
5.369044031220626323e+01
5.640464182556743822e+01
3.658059660126300372e+01
3.178320522174641027e+01
2.070675345790782274e+01
6.187436087608494972e+01
5.685563562216841405e+01
3.226805405401456994e+01
4.943919412073265107e+01
5.268431971642118583e+01
4.671876930680153350e+01
5.735762924492020431e+01
8.455046627912606994e+01
6.147797736585535944e+01
7.564180762956790716e+01
7.714094810944965275e+01
6.640509493649241790e+01
7.057899945395811869e+01
9.021705769528533381e+01
6.328712393011168302e+01
1.081579117812541710e+02
1.073465747365254828e+02
8.681298679317092137e+01
8.066037881654129649e+01
1.315765519080342472e+02
9.997467670431403519e+01
1.006888712320898804e+02
1.343493594415380983e+02
1.443650262434076978e+02
1.381255785332004109e+02
1.497765690947551320e+02
1.417328648335684136e+02
1.287110595580809900e+02
1.255727483100583584e+02
1.585302189996592972e+02
1.150521840843707366e+02
1.636578208092466298e+02
1.732171289017391018e+02
1.649519799914642704e+02
1.370247117581813825e+02
1.861958822699916993e+02
1.944696413518562110e+02
1.927174786414696257e+02
1.918786195704467161e+02
1.766094407169107967e+02
1.913388889925004719e+02
2.044357774917014865e+02
1.811637763541172319e+02
1.572097674225429103e+02
2.086554267295450984e+02
1.819972586187562058e+02
2.070738781705436224e+02
1.994067116368322274e+02
1.955376624740773366e+02
2.072293117094556578e+02
2.174225552355349862e+02
1.665858371016958017e+02
1.875065631844915117e+02
2.166117179329667977e+02
2.086091373230847523e+02
1.730068417773004796e+02
2.239869841323940989e+02
2.335111986038102430e+02
1.880179987407919100e+02
1.818966603892396847e+02
2.114091485439908240e+02
2.455184084159609768e+02
1.937616095434199792e+02
2.481770758931263288e+02
2.063091771109707793e+02
2.587767685060900362e+02
2.636941952856553257e+02
2.706728340327317710e+02
2.595417045732974657e+02
2.361852929235442389e+02
2.846455412293603331e+02
2.394148016848548366e+02
2.828284763197210054e+02
2.454082762757334137e+02
2.555704159903016830e+02
2.901919962709552010e+02
2.672709248278368932e+02
2.817358746722384808e+02
2.687464676616585280e+02
2.911308638303797238e+02
2.930365230483741357e+02
1.137249123659883132e+01
9.026992584695048549e+01
8.471471453738551816e+01
7.102997914121534961e+01
8.248823426779063084e+01
2.899847380694458465e+01
7.785145884706797403e+01
3.438647648586662342e+01
1.025705408377498458e+02
9.134601010535376986e+01
5.156136771827934240e+01
7.368403616655145072e+01
1.049219695608545635e+02
1.250333016841126152e+02
1.202343133576004703e+02
1.046118435647904192e+02
8.156435026961013079e+01
1.330786607164577049e+02
8.347283101169990971e+01
1.135439837512790149e+02
1.515224235888333624e+02
9.666694090305547604e+01
1.031533449639565418e+02
1.586388403981774786e+02
1.156353540387327996e+02
1.135075137107137664e+02
1.597601466990556673e+02
1.908348431526308673e+02
1.821976875451159117e+02
1.794005622596015144e+02
1.856770156951625665e+02
1.412848930056301526e+02
1.386664221905571139e+02
1.982973347180768258e+02
1.411634513413708589e+02
1.896095994595433183e+02
2.012842860282164281e+02
1.898780487236290071e+02
1.706903303905659186e+02
2.304196556376624869e+02
2.388127331302938217e+02
2.263797398381731512e+02
2.266137631760053637e+02
1.904595854374746580e+02
2.141411219521421572e+02
2.462143600292377243e+02
2.173515817152787406e+02
1.810804665215327987e+02
2.441360455940331633e+02
1.973696090643793752e+02
2.460975836903318452e+02
2.357562749299920313e+02
2.104445029018318394e+02
2.268837723158385984e+02
2.600121286013605868e+02
1.909204617778509316e+02
2.224968749776037100e+02
2.554076253305890134e+02
2.448583763614292650e+02
1.962423720321506551e+02
2.583141980419165407e+02
2.748288745204181964e+02
2.167982250322195625e+02
2.063279611190139065e+02
2.281531745136690006e+02
2.722526127076679927e+02
2.180618272275692391e+02
2.909427229003580919e+02
2.279633766405705160e+02
2.853648691385643588e+02
3.013020418238726847e+02
2.938344904995330467e+02
2.788087770321611174e+02
2.571805716981548358e+02
3.117947641232132128e+02
2.637171779145892856e+02
3.195624361767798973e+02
2.689737564805103034e+02
2.774548747473836556e+02
3.095038440787548666e+02
2.879030899447644742e+02
3.044437238695959422e+02
2.925639881917622347e+02
3.187421784781352017e+02
3.180861295961597079e+02
9.253072055248112804e+01
8.630754694885068545e+01
7.211887168794707748e+01
7.111664555381322828e+01
1.836030011208335821e+01
7.705797699361518482e+01
2.638901722777332637e+01
1.017880788940866381e+02
8.989452141359629422e+01
4.328227646951338414e+01
6.267797771743987312e+01
1.029052968074879004e+02
1.240560711414885731e+02
1.181264576073965316e+02
1.019967522513676101e+02
7.548441260931470254e+01
1.309708049662537519e+02
7.850808240860096987e+01
1.034681446291119471e+02
1.494145678386294946e+02
8.909483835514357963e+01
9.776333210772705229e+01
1.484864187336508508e+02
1.094869082423232101e+02
1.064475672184133259e+02
1.496796070562649561e+02
1.824422140413675777e+02
1.800615516887694127e+02
1.693046789318531182e+02
1.834946200089569004e+02
1.333631453904187936e+02
1.308589285747349038e+02
1.877546377021019168e+02
1.354208614438704501e+02
1.798077823323628195e+02
1.913043624376750245e+02
1.803730592147447567e+02
1.659416196565075268e+02
2.203666905216338989e+02
2.309004510324046180e+02
2.164098350330841640e+02
2.166388693518844093e+02
1.825254032257201402e+02
2.056900009510633254e+02
2.361613949132091079e+02
2.137322841448098245e+02
1.753378766240324751e+02
2.341663692001558843e+02
1.895661487782842016e+02
2.424782861198629291e+02
2.321369773595231152e+02
2.025103206900771511e+02
2.189495901040840522e+02
2.563928310308916707e+02
1.851778718803508355e+02
2.173925303131059650e+02
2.517883277601200973e+02
2.412390787909603489e+02
1.899402930785555839e+02
2.486421986451648536e+02
2.712095769499493940e+02
2.110556351347193811e+02
2.005853712215137534e+02
2.204026866825686852e+02
2.638052043567327587e+02
2.123192373300690292e+02
2.839378060776069219e+02
2.209590606338472298e+02
2.770188658976600777e+02
2.960986150095079097e+02
2.859003082877785573e+02
2.712207711871242282e+02
2.501762556914314928e+02
3.038352482261449268e+02
2.579745880170888768e+02
3.138198462792792043e+02
2.622610100699934037e+02
2.704505587406603695e+02
3.019158382337178068e+02
2.803150840997276418e+02
2.976068344680512041e+02
2.863978118023494517e+02
3.129995885806346223e+02
3.123435396986591286e+02
1.133951755586443788e+01
2.533910333292999439e+01
3.204097000359179503e+01
8.493170145049670339e+01
3.210296500828469846e+01
8.287181427802185851e+01
3.056590683619738158e+01
3.635410485411472337e+01
8.454010390089936777e+01
5.987589324700922333e+01
4.543820362199546281e+01
4.956932614593675623e+01
5.763076365981514471e+01
6.205174065623416624e+01
8.946333477838965109e+01
6.907417480042815328e+01
7.611449903820894747e+01
7.321067618327225546e+01
8.378419584534120190e+01
8.589124735025451685e+01
8.725559531044224570e+01
9.815846351269581760e+01
1.017200542501717990e+02
9.494044727900471514e+01
1.009312710461996971e+02
1.174237017908377538e+02
1.136739801801676180e+02
1.172251623498701036e+02
1.174198144169180438e+02
1.072412362536383910e+02
1.064288172342786112e+02
1.292270815976298195e+02
1.118187939561935877e+02
1.306473771178519314e+02
1.406780236783844771e+02
1.319415363000695152e+02
1.258436497151128890e+02
1.597577487824276830e+02
1.683259132327745817e+02
1.645235115781609068e+02
1.640246145597141378e+02
1.448955509675262192e+02
1.583284453011059156e+02
1.779976440041375270e+02
1.627055433217113887e+02
1.516766311327816084e+02
1.816581281854022052e+02
1.537927722117694032e+02
1.828417222613210242e+02
1.768433845589185012e+02
1.636834152891845804e+02
1.740587475980383658e+02
1.923297800573171230e+02
1.591414372950948461e+02
1.707265683397923510e+02
1.923718524443968363e+02
1.857203874003220392e+02
1.663032607459104497e+02
1.972565806342309145e+02
2.084472690745132297e+02
1.762149632998725508e+02
1.728686203883503936e+02
1.847969570264341144e+02
2.154583839356740498e+02
1.852056128286320700e+02
2.228769513468966750e+02
1.920819478023933868e+02
2.289566569679389829e+02
2.389927398471956792e+02
2.395329510600051606e+02
2.308601428251228356e+02
2.171638270812936184e+02
2.559183173260262549e+02
2.281200270288341017e+02
2.577775347129613124e+02
2.335863716144800719e+02
2.375911908354230775e+02
2.580514153002517901e+02
2.436289065743830804e+02
2.635060594208231350e+02
2.574831947079304655e+02
2.749523231282113898e+02
2.798547431965398573e+02
1.552040623094834082e+01
4.280823587355472881e+01
8.429816415694310194e+01
2.076435001001133784e+01
7.522925840899415562e+01
2.470744698671772710e+01
2.666441194331062192e+01
7.795543636720810809e+01
7.034027170346902835e+01
3.795358010965971829e+01
4.582953551396091285e+01
5.171865340743905648e+01
5.267731802218818871e+01
7.835974514624571441e+01
6.414897024296614347e+01
6.477588403993560462e+01
7.851600324224095573e+01
7.956083679480545356e+01
9.210330892478613407e+01
7.672736135475550157e+01
9.999572359899417506e+01
9.764960215066527383e+01
1.009252903433657025e+02
1.027685311324980546e+02
1.150101805743458669e+02
1.096108053690313113e+02
1.181957407857152020e+02
1.133566396057817371e+02
1.111889365733490109e+02
1.108775003741254892e+02
1.288917282520332890e+02
1.031793443384149214e+02
1.320769925002067566e+02
1.416486021142295613e+02
1.333711516824243972e+02
1.197161149280356653e+02
1.568707819618578583e+02
1.651450286838306170e+02
1.632354816821243730e+02
1.625502104737063860e+02
1.470419204790530898e+02
1.597580606834606272e+02
1.751106771835678160e+02
1.582355925979861127e+02
1.445247434328860550e+02
1.793287029271164101e+02
1.560626600022519312e+02
1.787785474501850729e+02
1.727098742562088489e+02
1.656345245453445614e+02
1.756484834004158131e+02
1.889145177587673459e+02
1.526369940801139364e+02
1.660858046587655963e+02
1.883086776332608849e+02
1.816011158259381943e+02
1.620593959770076253e+02
1.946618838242605420e+02
2.050031611270426595e+02
1.701704232740807754e+02
1.666577305443568378e+02
1.868268325390689881e+02
2.161916846135324306e+02
1.790508971235263118e+02
2.196308084508460468e+02
1.944134383726674855e+02
2.294500447036615753e+02
2.351861578088878275e+02
2.409379278219022638e+02
2.326904629794114214e+02
2.192821909722115379e+02
2.553188174269315880e+02
2.220754870030423831e+02
2.543204388429534504e+02
2.325581386185139365e+02
2.394284509217211507e+02
2.594810306826066721e+02
2.454592267286717231e+02
2.653433195071211799e+02
2.547126424262542628e+02
2.708330515538279428e+02
2.748954384340381694e+02
5.616691409830904291e+01
6.919012485549113478e+01
1.330090467615070793e+01
5.977195065494266402e+01
3.235210689850312349e+01
2.642688111369247750e+01
6.281574210898716615e+01
8.491743971260027024e+01
4.106121055381399287e+01
5.548362001623801376e+01
5.658635927920773412e+01
4.981487087124796176e+01
6.582279990345396925e+01
6.966246886504330860e+01
5.401862302714694408e+01
9.333424846478231984e+01
8.679198590628348597e+01
8.074452280898591994e+01
6.879261594040210070e+01
1.130216305451635890e+02
8.922361541699949328e+01
9.171572066487193808e+01
1.157944380786674543e+02
1.238674272106351424e+02
1.175709897029585136e+02
1.306414770105710943e+02
1.211782760033264879e+02
1.179493972168822467e+02
1.147567121608180827e+02
1.380530122108127102e+02
1.000194411684489353e+02
1.449026462198735032e+02
1.540323364887972559e+02
1.461968054020911154e+02
1.204344845756465503e+02
1.656978218919093422e+02
1.739600015068228060e+02
1.722198796086970276e+02
1.713810205376741180e+02
1.600678274252224753e+02
1.725837144031272601e+02
1.839377171136192430e+02
1.640407432051440253e+02
1.423022530283097637e+02
1.881578276967725003e+02
1.683641257344766302e+02
1.865192893403017536e+02
1.795686518362962545e+02
1.786604314915139184e+02
1.884741371200824176e+02
1.968679664052931173e+02
1.513245047985568874e+02
1.704626356388913280e+02
1.960571291027249288e+02
1.886791446946714359e+02
1.584901670067389148e+02
2.034889237543119691e+02
2.129566097735683741e+02
1.714167715271267696e+02
1.663358455706919869e+02
1.968924737734292307e+02
2.250208093831883787e+02
1.785659198187223353e+02
2.276224870628844599e+02
1.917925023404092144e+02
2.382791694733174666e+02
2.431396064554134853e+02
2.501752349999592582e+02
2.450250298027360145e+02
2.216686181529827024e+02
2.641479421965877350e+02
2.230149883840721543e+02
2.622738874894790797e+02
2.306195162761907795e+02
2.410537412197401466e+02
2.705700446185775263e+02
2.527542500572754420e+02
2.669481065789179866e+02
2.539155067929926588e+02
2.742519275359872495e+02
2.763402582461545762e+02
5.640281710335199250e+01
6.357202941600330348e+01
6.065006272687877953e+01
5.529196914157995479e+01
6.606775905424765938e+01
5.311758238348240013e+01
3.045024850929500104e+01
7.044222393705796037e+01
6.382521388904451243e+01
7.854818268742623388e+01
8.858085397438978248e+01
6.517696699816477235e+01
8.685040002517996527e+01
8.181606970420966718e+01
6.044051531519415477e+01
9.719061943321918307e+01
6.531597992619910542e+01
9.093644391368958679e+01
9.563445895560708720e+01
8.531869503118711862e+01
7.917553374747261330e+01
9.794009511637696619e+01
1.241159658005346955e+02
1.234089405008282370e+02
1.158730665186121485e+02
1.272463966040660210e+02
9.697110310829506830e+01
9.553084290462641093e+01
1.310037926514950470e+02
1.184075482426744657e+02
1.285917738054967288e+02
1.392567259624687779e+02
1.295601678977481583e+02
1.445638448336952990e+02
1.640792472591757019e+02
1.740693532578177951e+02
1.642037034415504024e+02
1.643005687751743267e+02
1.406062873863351399e+02
1.558545737389891030e+02
1.822071888432651576e+02
1.744478432975150213e+02
1.480490484846678498e+02
1.822685605722026025e+02
1.490370241195468282e+02
1.917403018902988094e+02
1.871592088545584716e+02
1.599144264857521023e+02
1.712457157349077477e+02
2.005123202777190556e+02
1.588173011899322660e+02
1.839251883462234218e+02
2.009913283739039969e+02
1.959799390131646533e+02
1.568342850121119341e+02
1.968562474971980691e+02
2.166298092949150771e+02
1.857023759318394127e+02
1.731549627207711239e+02
1.804669840738076516e+02
2.137058605686096087e+02
1.827219556005857157e+02
2.298136277487812436e+02
1.853582491976426923e+02
2.272041336008743997e+02
2.472653138401674653e+02
2.371685683997541503e+02
2.278506927615587756e+02
2.120912856539461302e+02
2.541657939589617001e+02
2.270683151542242229e+02
2.659600749333632734e+02
2.272437140414390626e+02
2.328364988529415314e+02
2.555468456738176712e+02
2.406194565108190773e+02
2.594678833554296489e+02
2.511606327673491137e+02
2.839760733320080135e+02
2.800259344394592631e+02
7.187757977337200543e+01
1.158135392566773270e+01
9.590056124182190445e+01
8.320074316183455210e+01
2.541499880412406398e+01
4.477809703006203534e+01
9.545979627903221854e+01
1.160403620458609737e+02
1.103039406344405364e+02
9.151569327731277781e+01
5.817824624982375070e+01
1.228301606611650811e+02
6.539414469868053459e+01
8.538675861918228804e+01
1.413399012932557071e+02
7.122756068975417065e+01
8.442396089848197960e+01
1.304050327237214901e+02
9.161963057693378687e+01
8.858028955302390273e+01
1.315982210463356239e+02
1.643396709914667326e+02
1.679850694213035638e+02
1.512232929219237008e+02
1.718225255245413621e+02
1.154958677250293988e+02
1.129916509093454948e+02
1.695824495449080302e+02
1.210033312147945281e+02
1.617263963224334020e+02
1.732229764277455786e+02
1.622916732048153392e+02
1.517258070948638533e+02
2.022853045117044530e+02
2.127768600433462609e+02
1.983284490231547181e+02
1.985574833419549634e+02
1.645354908011818225e+02
1.876759819833236520e+02
2.180800089032796620e+02
2.008554653920095632e+02
1.601405172126488026e+02
2.160849831902264384e+02
1.715762363537457134e+02
2.303211532088057822e+02
2.195664277628150955e+02
1.845204082655386060e+02
2.009596776795453650e+02
2.404981978102720461e+02
1.704603602222861127e+02
2.029750000840298583e+02
2.393821548888072641e+02
2.283438822516186804e+02
1.720730154131664165e+02
2.305608126352354077e+02
2.561759530487195207e+02
1.965935927757465436e+02
1.858678595634490591e+02
2.025354090171794894e+02
2.457911853889929432e+02
1.965178340269773685e+02
2.658564200676772771e+02
2.030917829684580624e+02
2.590048469299200065e+02
2.816619295414130306e+02
2.679103958632400122e+02
2.533534935217348334e+02
2.323089780260423254e+02
2.858212292584053671e+02
2.417308134994856061e+02
2.993578039203069920e+02
2.443937324046042647e+02
2.525832810752710316e+02
2.840485605683285257e+02
2.624478064343383608e+02
2.797395568026619230e+02
2.685305341369601706e+02
2.980006741236775838e+02
2.961742652281988626e+02
6.119801535078937604e+01
2.477317278705838532e+01
1.445071525278695290e+01
6.013234839240260499e+01
8.295655590784573974e+01
2.920992331184077528e+01
4.718433802707190239e+01
4.493283991731166793e+01
3.651396619509726094e+01
5.804461354710237941e+01
5.812236230188975838e+01
4.415399648052346748e+01
9.054507612073500411e+01
7.614244010741987267e+01
7.142498784408118695e+01
5.683617486021884702e+01
1.071738511612680043e+02
7.769463120147474910e+01
8.072895742385003359e+01
1.100104766240806384e+02
1.140777554493189569e+02
1.069214439040949571e+02
1.237479238694024843e+02
1.105287302044629740e+02
1.061600207144163335e+02
1.029985569077973224e+02
1.287116466861746176e+02
8.692187188574345669e+01
1.384223589530068921e+02
1.454658077643671277e+02
1.397308480637859134e+02
1.071335798994958850e+02
1.557686285692794854e+02
1.634666213859472919e+02
1.623235382309381123e+02
1.614683561977190038e+02
1.512073183410649619e+02
1.659975914073860679e+02
1.740085237909893010e+02
1.507464024551034640e+02
1.292604849118129096e+02
1.782451633568173861e+02
1.554950185217269052e+02
1.758126217379613934e+02
1.683866015012559956e+02
1.690728172206110003e+02
1.819391558672002986e+02
1.862184206064295608e+02
1.380236001224061511e+02
1.571617309627405916e+02
1.854075833038614007e+02
1.774970943596309496e+02
1.455856472538762603e+02
1.935597304316819702e+02
2.023070639747048460e+02
1.581158668509760332e+02
1.530349408945412506e+02
1.839879540205667467e+02
2.151081450432332929e+02
1.652650151425715990e+02
2.169729412640209318e+02
1.788879825875466736e+02
2.283665051333623808e+02
2.324900606565499857e+02
2.402625706600041156e+02
2.321205100498735305e+02
2.087640984001201900e+02
2.542352778566325071e+02
2.097140837079214180e+02
2.516243416906155517e+02
2.175781057917405690e+02
2.281492214668776342e+02
2.609593624916915360e+02
2.398497303044129580e+02
2.539066960944677760e+02
2.408618382365875732e+02
2.609510228598365416e+02
2.630393535700038683e+02
8.513348298112350676e+01
7.227416237188543846e+01
1.721681015783731183e+01
4.233599180310201149e+01
8.442268871134056951e+01
1.063187495845268700e+02
9.895008039513419362e+01
7.994561063730027684e+01
4.970489159704942494e+01
1.113023983352765640e+02
5.386488699755243204e+01
7.919341103650695857e+01
1.298121370046103493e+02
6.312262884825321407e+01
7.289470319735390547e+01
1.242882676834054081e+02
8.329944403112824602e+01
8.047535771152303141e+01
1.254095739842835258e+02
1.593410613891068408e+02
1.573882472982170384e+02
1.450499895448293444e+02
1.602638454049132122e+02
1.077376047026319839e+02
1.051191338875589594e+02
1.644603488018571227e+02
1.104077981925601506e+02
1.552590267447710914e+02
1.669337133134442013e+02
1.558243036271530286e+02
1.409285564051970425e+02
1.960690829228902601e+02
2.066028434336609791e+02
1.920291671234009527e+02
1.922631904612331653e+02
1.569111849020473812e+02
1.803430658395693058e+02
2.118637873144654975e+02
1.896111835376825354e+02
1.503248133727219908e+02
2.097854728792609649e+02
1.638223207613812917e+02
2.187918955076776513e+02
2.080883619131236912e+02
1.768961023664043921e+02
1.933353717804112364e+02
2.327697618693667323e+02
1.601648086290403228e+02
1.923794670617954523e+02
2.278528971876791331e+02
2.171890103920925696e+02
1.639680835716654599e+02
2.241839515380982562e+02
2.474558499718067139e+02
1.860425718834088684e+02
1.755723079702032408e+02
1.946435245241307541e+02
2.384545565950951129e+02
1.873061740787585165e+02
2.596000153371464876e+02
1.949868511269571627e+02
2.516682181360222899e+02
2.710855517581978802e+02
2.602860899641053152e+02
2.454616090286858139e+02
2.242040461845414256e+02
2.782463635877851402e+02
2.329615247657783925e+02
2.888067830279693453e+02
2.362888005631033934e+02
2.444783492337701318e+02
2.761566760752795062e+02
2.545559219412891707e+02
2.716346249611610801e+02
2.604256022954592140e+02
2.879865253293247065e+02
2.873304764473492128e+02
1.411486276063551060e+01
8.271205654893809367e+01
7.365709456121757626e+01
1.523312864517358989e+01
2.313496527700391070e+01
2.728679566514755805e+01
3.329462585303188149e+01
7.382598615459166069e+01
3.948103340916492954e+01
5.736472118169730550e+01
6.651822979312946416e+01
5.554019319731775539e+01
8.390417001623767135e+01
6.142819408940506776e+01
8.247542376381976226e+01
8.207940655282696696e+01
8.748620092876409160e+01
8.525088352099321298e+01
9.170554498647031494e+01
8.593292174252759708e+01
9.934728469710940146e+01
8.967842669991524929e+01
9.583993452424402903e+01
9.562398863361048029e+01
1.058911299866479396e+02
8.139579458593644290e+01
1.138355970741311296e+02
1.221889734653585435e+02
1.151440861849101509e+02
9.549961265936212840e+01
1.335364010130541601e+02
1.418101600949187286e+02
1.400579973845321149e+02
1.392191383135092053e+02
1.295360060654899428e+02
1.415309951859464377e+02
1.517762962347639757e+02
1.338521129980734372e+02
1.212043374623805079e+02
1.559959454726075876e+02
1.386410052855206061e+02
1.551000819247169886e+02
1.486917324601780876e+02
1.481168769338397340e+02
1.574214179029016805e+02
1.652366341322635321e+02
1.287974002393442561e+02
1.416555181687742788e+02
1.646302121077927438e+02
1.576665819910411415e+02
1.395878810603373097e+02
1.713275028754565881e+02
1.813252775005388742e+02
1.459118313354633187e+02
1.425245833325998035e+02
1.693209181255058127e+02
1.928589271590234659e+02
1.548615757728814799e+02
1.959866980351645793e+02
1.728993686424364000e+02
2.061172872491525538e+02
2.115082741823839285e+02
2.180133527757943455e+02
2.144633974818974593e+02
2.017669777755070868e+02
2.319860599724227370e+02
1.978168950644247559e+02
2.306425552164495514e+02
2.087076603852737264e+02
2.203918456807682276e+02
2.384081623944125852e+02
2.272321612311577610e+02
2.451575908061045368e+02
2.304975687271776508e+02
2.468165991999363200e+02
2.506368464954204853e+02
6.913403994370752059e+01
8.722706857954896975e+01
1.489845655077477815e+01
3.421029375610632428e+01
3.067509461497322576e+01
2.606983713812917358e+01
5.991169548349242291e+01
4.381089554082372217e+01
4.373427204846955618e+01
8.060117138540520898e+01
6.188469480508145182e+01
7.082166317981945269e+01
5.191778486674104442e+01
9.544641092071519495e+01
7.307198258730319651e+01
7.650765340601680009e+01
9.837914152478097662e+01
1.000677479779042329e+02
9.266369860175655049e+01
1.111575342547899226e+02
9.627098490212455317e+01
9.871523963430490767e+01
9.574667737306494075e+01
1.147016392147599078e+02
7.658490857691343479e+01
1.258750401722081307e+02
1.314887765898076282e+02
1.275614538246150573e+02
9.525557468240826609e+01
1.417496174637319655e+02
1.492088760836087431e+02
1.483135307595232746e+02
1.474583487263041661e+02
1.425877609182355457e+02
1.534031072019891155e+02
1.599895126854416105e+02
1.377835795717227541e+02
1.186906890219466675e+02
1.642351558854025484e+02
1.466638085986745068e+02
1.615548764356228730e+02
1.540751347401898954e+02
1.603753149563388831e+02
1.684688927677443360e+02
1.719606753040910121e+02
1.271054569031446988e+02
1.448267487947271377e+02
1.711498380015228520e+02
1.631856275985648494e+02
1.354438937157187013e+02
1.795407193261342798e+02
1.880493186723662973e+02
1.461484867252557933e+02
1.417473894126599419e+02
1.746159290969542326e+02
2.010981375718184552e+02
1.541441304050651979e+02
2.027151959616823831e+02
1.689829519407948055e+02
2.143564976619475431e+02
2.182323153542114369e+02
2.262525631885892778e+02
2.223682090590016855e+02
1.990117974092484019e+02
2.402252703852176694e+02
1.979789573577922397e+02
2.373665963882770029e+02
2.070019761690248572e+02
2.180632692521729155e+02
2.469493550202766983e+02
2.300974293135409994e+02
2.433788328181767042e+02
2.300393624892210482e+02
2.487851711750455195e+02
2.508735018852128462e+02
2.811704548449286278e+01
7.991184437683760677e+01
9.803893204232382175e+01
9.276712042665339197e+01
7.212388895201553396e+01
3.329730483187991297e+01
1.039576891140067829e+02
4.236498784732861367e+01
6.201720012714167751e+01
1.209000468299278594e+02
4.638724137172071948e+01
6.047889260933879996e+01
1.071120567740401555e+02
6.673868915898997045e+01
6.373997023499050130e+01
1.082333630749182589e+02
1.428076249399090898e+02
1.466412683216486244e+02
1.278737786354641059e+02
1.504787244248863942e+02
9.079379140844761764e+01
8.828957459276371367e+01
1.478126393980527666e+02
9.612238979685078277e+01
1.380828158354058814e+02
1.497575024040789913e+02
1.386480927177878471e+02
1.268448656769201364e+02
1.788928720135250501e+02
1.894266325242957691e+02
1.748529562140357712e+02
1.750869795518679553e+02
1.399560492437491348e+02
1.631668549302041242e+02
1.946875764051002875e+02
1.759745239740656189e+02
1.352779443445689935e+02
1.926092619698957833e+02
1.469967947963131678e+02
2.064213231094529419e+02
1.946854863448710944e+02
1.599409667081061457e+02
1.763802361221130468e+02
2.175817235845270829e+02
1.455794188043421968e+02
1.780940586660859424e+02
2.151007386865942408e+02
2.034629408336746792e+02
1.472326960951329795e+02
2.070077406287330746e+02
2.327835205505401177e+02
1.717126513578026277e+02
1.609869181455051148e+02
1.778333327005976798e+02
2.212783456857299029e+02
1.716775147089439599e+02
2.424238044277811923e+02
1.782514636504246823e+02
2.344920072266570514e+02
2.567809881234691716e+02
2.433309543058074382e+02
2.286514172051529954e+02
2.074686587080089453e+02
2.612912279294872064e+02
2.168904941814523113e+02
2.744768625023633035e+02
2.195534130865709130e+02
2.277429617572376515e+02
2.593464842517466309e+02
2.377457301177563522e+02
2.548992374846284861e+02
2.436902148189267905e+02
2.731603548056440331e+02
2.713339459101652551e+02
8.693939807480226989e+01
7.161765231947997279e+01
8.899616734129391205e+01
8.457279613740013247e+01
3.550475899081674669e+01
9.449883790581860410e+01
5.176671793304348768e+01
4.556931886668798626e+01
1.004135964674542549e+02
3.994510460436074339e+01
6.278907049824079678e+01
8.739222197512275159e+01
6.169486621797540948e+01
5.636601924710068801e+01
8.892389760596093140e+01
1.200865993703866224e+02
1.235416038148251658e+02
1.082087890905954310e+02
1.273790599180629641e+02
7.960990355343793112e+01
7.794155960899274760e+01
1.255519363343924368e+02
9.450758406176781534e+01
1.193775812482309817e+02
1.307881980907140758e+02
1.201240818670790844e+02
1.252561012715796380e+02
1.587562408341888727e+02
1.687463468328307954e+02
1.558936706861232722e+02
1.561227050049235459e+02
1.283808449770096161e+02
1.461153057411802365e+02
1.755812987384437065e+02
1.743857595687254047e+02
1.277113042702527252e+02
1.736502048531950493e+02
1.354751016511206672e+02
1.894207611955989705e+02
1.866648098454644469e+02
1.484192735629136450e+02
1.612438594810188306e+02
1.964676845997566659e+02
1.383704442305117936e+02
1.750237993647675410e+02
1.985901831907735868e+02
1.946023606953862384e+02
1.385425535939370150e+02
1.881260342982039333e+02
2.124280604765594376e+02
1.650652883423746005e+02
1.533792757025738354e+02
1.666482266654046498e+02
2.043472683596935724e+02
1.637165597901985450e+02
2.233577099028412078e+02
1.686191592437353677e+02
2.178263577150859476e+02
2.433755982279075170e+02
2.274293004019451985e+02
2.176528046533604197e+02
1.974954763092628696e+02
2.447629081260555779e+02
2.087484730903860566e+02
2.600324542842608366e+02
2.102826419266588402e+02
2.180960949267367255e+02
2.454687250950713349e+02
2.268321336127829113e+02
2.451228838633280702e+02
2.344429931693708511e+02
2.651255115921704828e+02
2.625379199131879773e+02
2.317189857980983092e+01
1.601256188764744692e+01
1.896765660914049079e+01
6.466332003344913915e+01
2.914420862997990724e+01
4.777213219632903218e+01
7.449885960392678896e+01
4.758797150235562157e+01
7.190607160514115037e+01
4.757616232677722934e+01
8.418974639776040192e+01
6.759372385196408572e+01
7.320786729954393479e+01
8.727209400271509310e+01
8.599010108273124331e+01
7.826323545863822062e+01
9.878015328760393743e+01
8.174256360868490390e+01
9.149703643243672957e+01
8.863847687757017013e+01
1.006581086890705734e+02
6.652982873724680246e+01
1.135423120174047398e+02
1.178875794206878282e+02
1.152845022535089612e+02
8.189836623239662572e+01
1.275447064430127426e+02
1.348782810438160880e+02
1.341201546633148496e+02
1.332649726300957695e+02
1.314355750006000960e+02
1.393609727422102367e+02
1.457846016647224872e+02
1.233322241412752618e+02
1.066135650800517141e+02
1.500417797891941234e+02
1.381111475840095011e+02
1.469151716944859345e+02
1.394239108882360370e+02
1.489395748681418752e+02
1.544253622420550585e+02
1.574534003477439796e+02
1.147258157272796097e+02
1.307758934734838761e+02
1.565865230032688089e+02
1.485344037466109341e+02
1.249971086780085585e+02
1.653358083054152132e+02
1.735400642497906745e+02
1.325571769268375135e+02
1.288399818487179402e+02
1.648518063434780174e+02
1.869047614756101723e+02
1.412331484278873859e+02
1.882079210053353790e+02
1.583085962601077767e+02
2.001631215657392602e+02
2.037230609316357572e+02
2.120591870923809665e+02
2.099739963642897749e+02
1.886075425380019510e+02
2.260318942890093865e+02
1.844622406557987233e+02
2.228573419657012664e+02
1.946469602656796951e+02
2.060696039595961224e+02
2.329019614812881400e+02
2.190104007500605974e+02
2.310473227699714016e+02
2.168948937306150242e+02
2.351938613766270691e+02
2.372821920867943390e+02
1.809629360447978641e+01
3.816988692209817913e+01
8.550142221182652236e+01
2.332071003375299867e+01
7.012129984703736341e+01
5.367469788647571960e+01
3.488731753578215233e+01
7.456637695426017842e+01
6.580974392388178273e+01
6.138300073545529756e+01
8.303049333236083385e+01
7.633514044306920709e+01
6.431573133952109345e+01
6.951901380263105068e+01
6.434453557195075746e+01
7.708234599447942514e+01
6.809979255506601703e+01
7.862051605256891662e+01
7.879306798451273153e+01
8.336513374364203344e+01
7.258980668372736034e+01
9.175772339130747923e+01
9.950855874453115746e+01
9.339511980941745151e+01
8.086927156805917605e+01
1.113830138442651077e+02
1.196572605662377953e+02
1.177283057645936850e+02
1.170430345561756980e+02
1.086712337773391113e+02
1.193320135324629234e+02
1.296229090659749374e+02
1.138450302416724043e+02
1.084592532919494374e+02
1.338375361554013239e+02
1.179377796788086954e+02
1.335217003994694096e+02
1.275290143473839777e+02
1.265847318603823339e+02
1.352735779922771542e+02
1.435295956564429503e+02
1.146587675447763814e+02
1.229902569428039811e+02
1.430518305825452785e+02
1.364060171887877004e+02
1.268853545860418137e+02
1.491741157066676351e+02
1.596372743360846300e+02
1.298881469936798680e+02
1.279834135984750105e+02
1.478600767842062282e+02
1.707005178418173728e+02
1.402233147345137922e+02
1.742082986803598317e+02
1.565667835218841901e+02
1.839588779319465175e+02
1.899166604959111169e+02
1.958549434585881954e+02
1.927686263617630971e+02
1.802217889147921710e+02
2.098276506552165301e+02
1.807840544219885146e+02
2.089545520519950230e+02
1.944531235207919053e+02
2.002963638057028390e+02
2.160784707744744537e+02
2.055373901110233987e+02
2.258394752266104888e+02
2.137418285999858938e+02
2.256379529166773352e+02
2.317897582300055035e+02
2.244043141233132488e+01
7.155918997633322931e+01
1.336145834358494611e+01
5.554474239710480532e+01
7.159101513123970051e+01
3.179006437186181344e+01
7.570961060252820118e+01
4.834937282081182985e+01
7.387253869998603761e+01
6.593573255433589964e+01
7.178358931250505748e+01
7.697797612204968232e+01
7.140575950354450185e+01
6.246532832814447289e+01
8.668690760792523520e+01
6.594465647819119170e+01
8.567755855769324569e+01
8.286808076505445797e+01
8.628016218654282454e+01
5.637172280765753385e+01
1.014490663377260375e+02
1.035096329181601362e+02
1.031912565738302874e+02
6.840994561584155065e+01
1.126514803335382453e+02
1.190803739133223473e+02
1.194682466112342780e+02
1.186130645780151696e+02
1.200372357233071199e+02
1.249812531350879823e+02
1.302390109676892394e+02
1.079555912232512185e+02
9.461338468726373208e+01
1.353898717371135092e+02
1.283931316182271871e+02
1.311172645639920802e+02
1.236937845674028011e+02
1.375004304932230639e+02
1.400456426349327614e+02
1.416554932172500685e+02
1.018091882391297247e+02
1.153992605554598470e+02
1.407886158727748693e+02
1.328042774257777694e+02
1.130498445173851678e+02
1.505006115965246636e+02
1.577421571192967349e+02
1.187275244176652222e+02
1.155258530634310716e+02
1.546694741728792053e+02
1.722528534235296434e+02
1.277718032810994657e+02
1.724100138748414679e+02
1.462615450850680645e+02
1.855112135136586744e+02
1.879251538011418461e+02
1.974072790403003523e+02
1.955305744229392246e+02
1.762701963898701365e+02
2.113799862369287723e+02
1.706325881466267447e+02
2.070594348352073553e+02
1.817194483850592803e+02
1.934036336805537815e+02
2.184334170834640076e+02
2.066140438368451839e+02
2.181693788058900907e+02
2.033139229559954515e+02
2.205603415866217176e+02
2.234525395776224173e+02
4.933032404500767854e+01
3.204700089650053485e+01
3.313631904244673620e+01
7.562165739778347984e+01
4.994084855441886361e+01
5.497868593062665354e+01
2.861603966523388110e+01
9.621730538652488463e+01
4.886167613809524113e+01
5.447548340392027200e+01
9.932274280858851512e+01
8.985648467251867544e+01
7.919050470759840721e+01
1.089127268068052388e+02
8.234426089921956304e+01
7.346087642667522744e+01
7.056148165476653844e+01
1.052505231581741469e+02
5.065480858290029431e+01
1.229058420675558096e+02
1.224799938897914302e+02
1.221791738298043555e+02
7.077165610959796993e+01
1.296714976225965756e+02
1.356562805992148242e+02
1.378763846419090839e+02
1.370212026086899471e+02
1.168947505635294988e+02
1.435054332293899506e+02
1.470267153269066114e+02
1.154451478534884643e+02
9.287217298241095875e+01
1.529663218556781885e+02
1.208033715694714942e+02
1.432117590257451809e+02
1.337884073910188363e+02
1.345148779271360127e+02
1.538247210188744702e+02
1.560570127571083106e+02
1.016140894130270311e+02
1.213204859018827761e+02
1.528609751453270462e+02
1.428905088224560984e+02
1.095137937217054542e+02
1.674534150076232493e+02
1.715342081906856038e+02
1.217649430922086253e+02
1.166413553661954836e+02
1.486858291029410566e+02
1.901696517765539056e+02
1.288555044331922943e+02
1.871105360455032383e+02
1.430528519467815727e+02
2.033941266527889127e+02
1.993549108632607840e+02
2.153240773933246146e+02
1.964381090649883959e+02
1.730816974152351122e+02
2.288985950239120939e+02
1.733521599180234887e+02
2.188311746103856308e+02
1.811982619881836740e+02
1.921331692581596258e+02
2.270884007626456764e+02
2.041673293195277665e+02
2.175751186373354926e+02
2.044586506386130509e+02
2.249447865477709172e+02
2.267834673997910784e+02
7.925079134367342704e+01
1.710727638247805871e+01
3.803765802145343855e+01
9.320056207081674415e+01
1.636890813209247142e+01
2.846617858019014946e+01
8.185135865860557658e+01
3.439536967323947891e+01
3.238360712457775747e+01
8.233351761830844850e+01
1.213462733134541480e+02
1.182607072990845865e+02
1.017868445958475121e+02
1.205687686431880223e+02
6.066542814478496837e+01
5.763194067367826534e+01
1.231558532590593273e+02
6.316433150197651258e+01
1.098069985818423362e+02
1.223296318449486222e+02
1.099719695751774822e+02
9.388680738204593013e+01
1.519415247004482694e+02
1.624752852112190169e+02
1.471203362712137448e+02
1.475051519403309612e+02
1.098700747655166765e+02
1.339342173632211086e+02
1.674385316216367983e+02
1.430164656791914979e+02
1.027813652531499145e+02
1.644911306475014783e+02
1.162713059034674075e+02
1.734507862328926819e+02
1.617274280499969734e+02
1.295523743821019877e+02
1.463318202165817752e+02
1.879295676243887385e+02
1.126213605094681043e+02
1.451360003712117077e+02
1.821426803917200630e+02
1.705048825388005582e+02
1.152749819061950660e+02
1.782892334747880625e+02
2.018036337299561467e+02
1.387545930629284783e+02
1.280288598506310507e+02
1.469256534301200361e+02
1.920060494166763760e+02
1.396678244464486909e+02
2.148911858264255841e+02
1.466830776750925054e+02
2.048129170393075356e+02
2.238229298285948516e+02
2.132825384002761098e+02
1.975810314014692892e+02
1.759205621900367476e+02
2.312428120239558211e+02
1.848937560676863257e+02
2.415188042074888131e+02
1.876416128545056097e+02
1.961948652392654537e+02
2.282760984480630384e+02
2.066753443140726461e+02
2.231115802435910780e+02
2.117784145868614303e+02
2.404430772097523175e+02
2.393372077963992410e+02
6.353748036099241148e+01
7.234263457914791218e+01
1.902787656296058572e+01
7.887219897055784656e+01
5.148269971318871541e+01
6.763105921504308071e+01
6.667278855083135625e+01
7.339650687411410956e+01
7.076211837422833639e+01
5.887357196362828660e+01
4.957801160206931002e+01
7.837004956834211100e+01
5.305733975211600750e+01
8.295550689990828630e+01
8.036685141578470848e+01
7.424404339600084768e+01
5.013730662655170534e+01
9.180139086860296516e+01
9.147351412761821621e+01
9.413486911308557126e+01
5.780584342995413749e+01
9.982864780598164600e+01
1.062238939100746080e+02
1.068934719330186311e+02
1.060382898997995085e+02
1.122685133540913114e+02
1.129073944882517253e+02
1.173825309644415711e+02
9.507429554423298157e+01
8.534403879939860360e+01
1.228150970588978623e+02
1.215399180183957526e+02
1.179676794137168798e+02
1.105490886780997926e+02
1.283103841536845096e+02
1.277663095637205259e+02
1.287681764911749553e+02
9.159533940667127183e+01
1.025294727522746854e+02
1.276940607221099668e+02
1.196595815364748034e+02
1.037701400934909799e+02
1.376741114488275457e+02
1.448431074978213360e+02
1.080783149699499432e+02
1.049199854603699009e+02
1.460559376532685292e+02
1.596780787453138828e+02
1.171598865964087395e+02
1.595226971487661842e+02
1.365363032728227495e+02
1.729364388354429991e+02
1.748689467960711568e+02
1.848325043620847055e+02
1.831601333789942885e+02
1.660549046947269289e+02
1.988052115587131254e+02
1.598129490182325299e+02
1.941067338139602043e+02
1.713896953826870231e+02
1.831883419854105455e+02
2.058586424052483608e+02
1.962350292983415443e+02
2.076464883315446741e+02
1.926647135082801015e+02
2.076905537834367976e+02
2.116576476090225185e+02
5.071650154798276589e+01
7.962376085927262181e+01
2.744576150688635607e+01
1.982060797080076497e+01
9.120994067009262096e+01
3.683309690080300669e+01
3.790938019026759065e+01
9.087063654415629799e+01
1.184087855768806321e+02
1.063684119164817474e+02
1.095453754846299006e+02
1.092312423764903855e+02
6.562560337198961236e+01
6.248729212396697363e+01
1.307427241082816352e+02
5.817770301891536633e+01
1.161202437612880232e+02
1.288694019134144924e+02
1.159798590280018260e+02
8.842112211376038999e+01
1.565316991644725420e+02
1.611865147407279721e+02
1.534012483482035520e+02
1.538183971197767619e+02
1.137408589832258770e+02
1.388583140181551698e+02
1.728423749256185431e+02
1.357478298797317109e+02
9.842829957354310011e+01
1.704175670083116074e+02
1.193296544937799553e+02
1.649285418497269973e+02
1.542250082551730372e+02
1.328700583491009581e+02
1.505647130204832251e+02
1.791865296449836080e+02
1.082682948298613184e+02
1.401493718881505401e+02
1.739895435297284791e+02
1.633256567341419156e+02
1.135902050841610134e+02
1.837903631563139584e+02
1.935924963138560599e+02
1.341443670680733931e+02
1.236757941710242079e+02
1.492994782913609129e+02
1.962389422205779397e+02
1.354096602795793842e+02
2.100593162606232340e+02
1.467605295637162897e+02
2.090458098432091560e+02
2.191079763307483574e+02
2.175154312041776166e+02
1.996251107783621705e+02
1.764458242971711002e+02
2.354757048278573279e+02
1.810650109665993170e+02
2.368540674680912446e+02
1.863514691700311232e+02
1.961245423487984283e+02
2.302754024760193943e+02
2.075314562014638113e+02
2.223095011806365164e+02
2.099118212437723230e+02
2.360900115301454605e+02
2.354339626481699099e+02
7.310297947167838117e+01
2.327985823276688748e+01
4.713788204417805616e+01
4.511773065303712826e+01
2.994248395040720467e+01
2.311354801940991521e+01
4.623903695391524593e+01
8.346993453207601021e+01
8.975309317346834348e+01
6.587945251446107875e+01
9.344174935196701881e+01
3.681062134863235258e+01
3.529417407458470990e+01
8.695427779165657967e+01
5.962597654288589410e+01
7.642248964185236559e+01
8.783621780856320527e+01
7.698776652423428857e+01
8.968522634114523839e+01
1.168985458925220655e+02
1.274323064032927846e+02
1.129416904039723306e+02
1.131707247227725901e+02
8.382760011491875218e+01
1.029789903983353696e+02
1.326932502840972745e+02
1.373152865015266002e+02
8.769265947910011505e+01
1.306982245710440509e+02
9.150147052565095862e+01
1.520612869538399536e+02
1.509591742893389892e+02
1.041244555182149014e+02
1.181075441381739353e+02
1.555873974635240415e+02
9.846091218436443171e+01
1.360298236948543718e+02
1.605746311660711285e+02
1.584926026452037036e+02
9.677223388465684195e+01
1.451740540160530202e+02
1.707891944295370479e+02
1.253338519327847962e+02
1.129182938907293305e+02
1.227979729930277983e+02
1.612109530168487765e+02
1.224852867705439223e+02
1.804696614484946622e+02
1.261119923123280273e+02
1.746900423722411517e+02
2.011476814889598472e+02
1.842929850591004310e+02
1.738937536729956719e+02
1.540669650211510486e+02
2.016265927832108105e+02
1.670062640267688892e+02
2.171444058299142625e+02
1.679502692410441398e+02
1.748054332383813687e+02
2.023324097522265390e+02
1.832779038539892724e+02
2.015686541045343745e+02
1.921106204837560938e+02
2.237760122087115064e+02
2.202055472275732768e+02
9.232532124505036109e+01
6.494681482291824182e+01
5.673577075991548213e+01
7.513774930442122013e+01
8.190706148858143365e+01
5.986682991910075202e+01
3.993445020714361249e+01
3.086992050038290003e+01
6.315168542959075637e+01
3.442716710686733705e+01
8.329274921189522729e+01
8.388549160002503413e+01
5.533382061700805821e+01
5.116986897480946084e+01
7.387593508378833462e+01
7.256329134862534147e+01
7.620941332827088388e+01
4.958689643535121405e+01
8.097586649225274869e+01
8.744998584655832019e+01
8.795419797112656113e+01
8.709901593790745267e+01
9.893797059840841257e+01
9.396827273176704409e+01
9.860862290092528326e+01
7.916984380349720141e+01
7.905013200617260338e+01
1.038758230970058065e+02
1.072306239552143552e+02
9.974583395375285022e+01
9.326906159920702066e+01
1.095026574382531237e+02
1.088271878072358589e+02
1.101261523787823648e+02
8.378309579522078820e+01
8.828274986593007156e+01
1.092836737161761391e+02
1.021930216738860366e+02
9.703622183193014905e+01
1.188643593690447489e+02
1.262147957470576785e+02
9.573205914899989466e+01
9.540743368091872867e+01
1.288068139372661562e+02
1.407388047834218128e+02
1.071999032046285834e+02
1.408806730363737074e+02
1.286704596381133570e+02
1.539971648735508722e+02
1.563977924289027897e+02
1.658932304001925502e+02
1.642210116225096215e+02
1.568708694772681724e+02
1.798659375968209986e+02
1.466279665773083423e+02
1.755320734629684125e+02
1.613797516740574167e+02
1.745368358359997671e+02
1.869193684433562339e+02
1.772959075418568773e+02
1.957613199117645593e+02
1.795857407553057499e+02
1.914286903846254120e+02
1.971145717918302296e+02
2.756670098260108404e+01
6.578866833277389503e+01
2.189079502081320783e+01
1.750464267770571780e+01
6.623133037521732547e+01
1.060303346970190432e+02
1.125582833600393542e+02
8.543436120903012920e+01
1.145919171576441187e+02
4.471591470407145152e+01
4.204180332854645741e+01
1.068033698722419587e+02
5.481681304885869110e+01
9.345451519502496751e+01
1.059771484581312535e+02
9.361948618836011349e+01
8.564364250085610308e+01
1.355890413136309576e+02
1.461228018244017335e+02
1.307678528843964614e+02
1.311526685535136494e+02
9.390655372947655621e+01
1.176665920735295856e+02
1.510860482348194864e+02
1.347733007980016851e+02
8.958332811079701230e+01
1.481921291524203639e+02
1.007263783455833561e+02
1.653377106625525244e+02
1.534842631688072174e+02
1.138914711938335387e+02
1.303307406078403119e+02
1.742778928846328768e+02
9.992514989270911485e+01
1.363302779979147488e+02
1.738995155105302786e+02
1.622545290975772048e+02
1.011246157418203211e+02
1.620030088893054767e+02
1.892618732742881207e+02
1.264232813731983498e+02
1.153281608423351656e+02
1.315475821083326480e+02
1.757780828290553359e+02
1.259281921615497879e+02
1.985387024396082438e+02
1.319164918520946799e+02
1.888118374305660438e+02
2.115327775756821893e+02
1.972814587915345896e+02
1.823652556707596659e+02
1.611336869096787723e+02
2.152417324152143294e+02
1.711411716340576845e+02
2.291201586619231989e+02
1.732768275595886109e+02
1.814079899589072511e+02
2.130603227173533583e+02
1.914595685833631364e+02
2.085711314106545728e+02
1.974317075610443339e+02
2.274110322582493211e+02
2.254191866330542098e+02
7.899438199321565435e+01
2.207184915720472418e+01
2.640726881662426351e+01
7.818182215597278173e+01
1.033410655074392395e+02
9.000696005118601306e+01
9.582688621497270276e+01
9.229880106372863224e+01
4.993461696528275695e+01
4.684529150487082916e+01
1.167385422901108569e+02
3.948056739875928400e+01
1.006734177529802849e+02
1.134225759051067115e+02
1.001588812095732948e+02
6.931914241185131687e+01
1.391306412426571342e+02
1.437310647581600733e+02
1.373827276299518587e+02
1.378848638089593805e+02
9.657737666474278626e+01
1.221462982998013018e+02
1.553869249430507580e+02
1.179292768221556855e+02
7.977894834884621389e+01
1.537527452854348837e+02
1.017391828438913137e+02
1.472539134310407576e+02
1.365503798364869112e+02
1.152795866992123877e+02
1.336982117799975640e+02
1.615119012262973683e+02
8.961894360516443214e+01
1.214436286102292399e+02
1.563149151110422110e+02
1.454765018821637170e+02
9.494085385946415556e+01
1.670788533862640293e+02
1.759178678951698203e+02
1.154472314479174173e+02
1.050264429463273217e+02
1.315481378772173002e+02
1.793724409800923922e+02
1.167603090548825691e+02
1.923846878419369943e+02
1.281261512337854356e+02
1.921375154367613334e+02
2.004108407105923391e+02
2.004253661172415093e+02
1.812565962414422245e+02
1.579001845916891114e+02
2.184808747966277167e+02
1.624156597419023171e+02
2.181569318479352262e+02
1.677021179453342086e+02
1.774794340199597684e+02
2.119068879390995050e+02
1.889858164959817373e+02
2.036643928517978281e+02
1.912624700190754368e+02
2.174406603054485174e+02
2.167846114234730237e+02
5.696677453544903358e+01
5.371990291446635268e+01
3.331858960141702575e+00
4.786680514062820890e+01
6.082521052309119369e+01
2.145640670672402095e+01
6.373452932978867125e+01
3.196917727870827619e+01
3.449972501677789438e+01
4.237759022798304898e+01
6.651434310823911744e+01
3.301923557503992157e+01
4.394141317847979167e+01
3.398762966729135115e+01
8.621676456623441709e+01
7.265221685681535746e+01
8.318278372176442303e+01
6.905789632236508169e+01
6.915476165598902014e+01
4.729526167119482238e+01
6.039070781457918713e+01
8.857502002691302323e+01
1.067480902832013214e+02
7.182268461358754053e+01
8.698508964315210790e+01
5.656180757266447046e+01
1.083093362491977416e+02
1.096688372936356473e+02
6.571229604039437788e+01
7.590028408534260507e+01
1.113378747819958079e+02
8.109611021540122522e+01
1.191046828849567021e+02
1.161515853583340458e+02
1.156755495084587864e+02
7.426121835011804251e+01
1.014609190881610488e+02
1.265451529843727911e+02
1.078053711369217922e+02
9.310920165352696642e+01
8.692494215654997447e+01
1.182211330756745866e+02
1.009538824149065732e+02
1.363514311913104393e+02
9.592760738532959408e+01
1.317194061079394487e+02
1.570294512317756812e+02
1.416917140170553182e+02
1.327450123033364662e+02
1.193493530948041155e+02
1.586810664660267776e+02
1.424728227063388886e+02
1.730261755727300965e+02
1.366674951356547467e+02
1.394931786295132383e+02
1.601136778137249053e+02
1.455137760525967678e+02
1.654080472149133243e+02
1.603059955152545797e+02
1.965669284051522254e+02
1.888505847646478060e+02
6.865158999519465510e+00
5.615744639301389185e+01
1.018937887085639034e+02
9.341120563615845640e+01
7.391179335290627250e+01
9.494620243009367755e+01
2.898641088064549365e+01
2.578646138083981043e+01
9.500528185377181956e+01
3.346125102432988996e+01
7.985408693838573413e+01
9.260324509051218911e+01
7.966734879811716041e+01
6.434163757528340000e+01
1.230785454263698568e+02
1.335470615658283862e+02
1.170619560069195160e+02
1.175147787844581728e+02
7.743753511821820723e+01
1.023104663787382691e+02
1.375931134191042418e+02
1.134629799635323337e+02
6.855660743646213007e+01
1.338740297983664220e+02
8.362443925864897665e+01
1.442387465970660401e+02
1.321736248001907370e+02
9.698663649735466663e+01
1.140867430588689473e+02
1.592652414576490969e+02
7.889842921837426104e+01
1.147691599153901052e+02
1.525953401295608671e+02
1.407447503040737899e+02
8.089696448383861593e+01
1.472425155168969866e+02
1.722562934677968087e+02
1.053965606988635813e+02
9.430592855953717901e+01
1.138661696930869596e+02
1.597609722589636760e+02
1.052898070240921697e+02
1.847830502131801609e+02
1.126807867250379616e+02
1.725678398815950061e+02
1.905060569013471650e+02
1.810374612425635803e+02
1.645127574784033868e+02
1.419182712399821185e+02
1.989977348662432348e+02
1.505157386453297761e+02
2.080934379875882314e+02
1.534486253813797987e+02
1.621925742892109099e+02
1.952078245249971360e+02
1.730039031442748296e+02
1.889185927704650680e+02
1.775854271137354488e+02
2.067202107675097409e+02
2.049591903740426915e+02
5.334861261779239072e+01
9.726690450318677961e+01
9.987137122002188505e+01
7.164191312864664951e+01
1.014063680139571062e+02
2.842859261508917967e+01
2.529890936058224327e+01
9.283926175229839828e+01
3.941173144464448086e+01
7.856248086694915855e+01
9.125335212438817223e+01
7.847004309615081752e+01
7.013155844846032494e+01
1.213630268940388248e+02
1.318967874048095155e+02
1.158758185563205956e+02
1.162606342254378262e+02
7.753704345242068996e+01
1.017865306597092427e+02
1.363015073476677514e+02
1.192336523045139387e+02
7.216426824871896883e+01
1.329090472879169909e+02
8.393827459037142091e+01
1.500286674702431071e+02
1.375996038770156815e+02
9.721934306900601541e+01
1.141335681235165822e+02
1.599438723586975755e+02
8.265521875962592446e+01
1.190603468648315300e+02
1.580697446419221706e+02
1.458562292428241847e+02
8.370204085378898640e+01
1.465440808462093116e+02
1.748063294607489411e+02
1.091533502401151736e+02
9.783223968103992263e+01
1.146864093474026731e+02
1.598077973236112541e+02
1.084322710002545449e+02
1.836466681115325059e+02
1.145228441553171308e+02
1.726146649462424421e+02
1.942628464425988852e+02
1.810842863072109878e+02
1.653420118658945341e+02
1.437400392129014506e+02
1.990445599308907276e+02
1.536452504727625126e+02
2.118502275288399233e+02
1.558542526715570204e+02
1.640143422621301568e+02
1.960370789124883402e+02
1.744363247784979478e+02
1.911706179895209630e+02
1.800091326730128003e+02
2.099151110969541492e+02
2.079966117450226193e+02
4.897309578480762582e+01
6.252602145334294903e+01
2.026682685573884513e+01
6.505398558250614371e+01
3.018905044545086014e+01
3.275291131229893438e+01
4.157741324242972780e+01
6.402587775045819285e+01
3.098510809057414761e+01
4.237940803477708585e+01
3.195350218282557719e+01
8.372072814123480100e+01
7.141740721337770026e+01
8.195116772414841932e+01
6.748488063018618277e+01
6.771391494898644225e+01
4.487378016305970618e+01
5.829141145350193653e+01
8.721211160495290926e+01
1.059479132976480429e+02
6.907021934024328402e+01
8.524141479725791726e+01
5.408627885626346909e+01
1.071197563982126155e+02
1.087867903992625713e+02
6.336932324952611140e+01
7.368255344942055274e+01
1.101062587843796194e+02
7.822604473563271199e+01
1.183045058994034235e+02
1.149620055073489198e+02
1.146858424019544600e+02
7.112238700297561422e+01
9.971724424226691497e+01
1.253080557503926258e+02
1.048592079337624767e+02
9.016303845036765097e+01
8.457931068598412594e+01
1.161870055912087736e+02
9.781505106776414493e+01
1.349885227693503396e+02
9.313152681086170048e+01
1.296852786234736641e+02
1.556665428098155530e+02
1.396054061142668559e+02
1.304420692933165071e+02
1.170292917689076546e+02
1.566469389815609929e+02
1.394168285327071715e+02
1.716632671507699683e+02
1.342592702597849268e+02
1.371731173036167775e+02
1.579836833883303768e+02
1.432108330425767235e+02
1.630879858890167213e+02
1.578984846575750680e+02
1.952131380327542445e+02
1.865305234387512030e+02
1.733539198525551583e+01
3.364439737403161246e+01
1.783143628917485657e+01
7.863945209694682603e+01
8.134937093025908439e+01
1.604807106785590776e+01
7.891154563756113305e+01
3.595331887011784744e+01
3.306079840802333791e+01
3.822247948104312343e+01
6.098824381966659303e+01
4.248949535826710644e+01
5.130689181998615567e+01
4.847952003885984595e+01
4.762433800564073039e+01
6.103987467745449180e+01
5.403825952243307285e+01
6.072939057997691492e+01
5.963577021256398325e+01
8.863134366438474387e+01
6.440114516473916240e+01
6.889071160210475853e+01
6.934033563453020577e+01
6.755270064899789872e+01
7.036187751913546151e+01
6.889717459790186638e+01
7.718826755823447172e+01
8.740546986731727941e+01
7.193957085869109846e+01
7.852463855036943130e+01
7.507718591988847834e+01
9.751438071984360079e+01
7.988599617171101386e+01
9.326810275628413649e+01
8.665876307780770560e+01
9.273835038176788714e+01
8.901126869433535660e+01
1.012641268511551402e+02
1.024214745681857295e+02
1.070494122204202370e+02
1.056536826317190503e+02
1.145224869412841997e+02
1.240883038821175290e+02
1.264185524679258208e+02
1.242909984131756715e+02
1.169408562679341941e+02
1.403912596645542408e+02
1.307907015588175739e+02
1.426161086086680712e+02
1.382221155153933694e+02
1.348219599747726818e+02
1.472189635301739941e+02
1.373658943325230268e+02
1.579424067683941644e+02
1.564177698758178678e+02
1.621563893981397086e+02
1.704694348775159654e+02
5.074012359483936052e+01
3.837456103237787630e+00
9.069749232864650423e+01
9.282762427165819474e+01
3.209695498929997370e+01
6.304676751797059353e+01
5.291379335182902821e+01
4.824060925494209329e+01
5.518295396275429709e+01
4.399922448556677068e+01
5.050318011707187082e+01
5.674475856904965809e+01
5.974915380532965514e+01
5.877948453354332514e+01
7.798847131450328618e+01
6.847508974546839511e+01
6.790339562341661406e+01
5.209044806747575507e+01
7.214042318778173524e+01
7.383225066680364534e+01
8.554959837600452488e+01
6.924052476715371540e+01
6.377623525443679142e+01
8.590228975554370550e+01
8.287937245835651368e+01
7.930371238973604875e+01
7.207050028758243343e+01
6.316686905967453214e+01
7.877065495022961272e+01
7.259696541304300865e+01
8.769282101212543523e+01
8.828509750209848050e+01
9.539235575801136235e+01
7.491672130146190511e+01
7.985307989843587961e+01
1.035748581699491240e+02
1.110772185888823316e+02
8.964278978581599233e+01
1.100582330473274055e+02
1.153253056106708385e+02
1.242258091472642860e+02
1.255753524398564593e+02
1.362238660461614757e+02
1.372010271982152574e+02
1.307407449555396965e+02
1.497302775183875667e+02
1.229448565662188741e+02
1.447096334739220538e+02
1.409639517027441116e+02
1.484562158529602414e+02
1.577961991103206003e+02
1.503723140381010523e+02
1.709568659904203116e+02
1.559741151359519051e+02
1.618080121777294380e+02
1.689144364485493099e+02
5.098900967628050296e+01
4.598302934279533360e+01
4.907097057686405606e+01
2.140466132895555162e+01
7.656404780675229915e+01
1.480083586435226373e+01
2.362915161457116398e+01
1.665375629347508024e+01
9.353409365722447433e+01
5.141010835232331999e+01
6.194067521727240688e+01
4.854097483402727420e+01
4.863784016765120555e+01
3.698969361482578933e+01
4.225370901538615698e+01
6.781303680453699201e+01
8.586036375828395251e+01
7.334161965969036601e+01
6.660583196467916878e+01
4.579444505814135624e+01
8.696197000543604361e+01
8.852814702369678912e+01
5.161878401541779482e+01
5.821071882444351075e+01
9.009576627750371358e+01
8.074680139983915694e+01
9.819955143103365458e+01
9.480421911457234785e+01
9.452805600917788809e+01
7.017086103504543360e+01
8.136911629764911424e+01
1.053916433235802401e+02
1.055484945700371640e+02
9.030138610724088721e+01
7.242226777942410365e+01
9.878125004007694088e+01
9.606989355334360425e+01
1.156592681940689573e+02
8.500301966148917643e+01
1.122795230723419024e+02
1.359748285139260418e+02
1.229140860146514314e+02
1.157818077822200422e+02
1.044882040936589789e+02
1.392411834304291745e+02
1.328965000857310201e+02
1.523340125754884582e+02
1.241279454548334229e+02
1.242059758066926065e+02
1.418328047159250502e+02
1.285961956345323642e+02
1.488982807501195111e+02
1.457752546615694484e+02
1.755102404281624899e+02
1.724640337920914135e+02
9.414356613674203800e+01
9.627369807975372851e+01
3.161003181352063507e+01
6.423990967771686655e+01
5.281324397516360847e+01
4.715491366862764266e+01
5.497202935806981827e+01
4.346923026177921656e+01
4.739920622175230136e+01
5.344089527592274180e+01
5.738637306064124743e+01
5.641669828982166024e+01
7.746497971066695243e+01
6.687276148463504910e+01
6.475342360865951719e+01
4.836543182177013733e+01
7.082532215905321493e+01
7.072827677148404746e+01
8.487335400002865526e+01
6.543839407292512078e+01
5.994213834986338441e+01
8.460801095655051540e+01
8.114270368997485150e+01
7.573860310736831991e+01
7.028183350174063548e+01
5.961685651974175215e+01
7.496852425600100389e+01
6.876286850846962295e+01
8.590415422628365150e+01
8.518112360677886841e+01
9.182664462801993466e+01
7.188525860474557305e+01
7.708615135312285815e+01
1.019725299091157069e+02
1.079732446935627337e+02
8.676927553954071470e+01
1.064931237649598046e+02
1.127700087053351581e+02
1.211218352519446881e+02
1.220096413098650174e+02
1.331198921508418493e+02
1.348382464535268355e+02
1.288710808187130965e+02
1.466263036230679688e+02
1.194665438504646175e+02
1.411439223439306261e+02
1.379324890060278506e+02
1.465865517161336982e+02
1.546922252150010024e+02
1.480095332934126020e+02
1.683144864971473851e+02
1.523812108492240895e+02
1.579948042363591014e+02
1.650803395439758674e+02
3.252252365552173785e+00
6.682668136457070318e+01
3.524693457078446812e+01
5.109097172620395355e+01
6.384012987833039432e+01
5.087646822872015662e+01
5.867718974174734115e+01
9.431543021418801231e+01
1.047839463536465701e+02
8.827107543752245533e+01
8.872389821506109797e+01
4.961826816959592179e+01
7.378529716928471771e+01
1.088299982069224257e+02
1.038868649116232064e+02
5.196474321702830679e+01
1.051069159852630861e+02
5.652689966508265940e+01
1.310527159559845529e+02
1.213650120758792212e+02
6.960318563395291847e+01
8.604245504795970589e+01
1.325787129668886166e+02
6.247171362486199797e+01
1.015090981038762408e+02
1.382424580574762558e+02
1.285138094805161302e+02
6.004386008101474914e+01
1.185428473557847582e+02
1.473397008776857149e+02
8.983382516311984034e+01
7.648466342576138288e+01
8.755420448887254281e+01
1.317166842480543494e+02
8.589307282293978574e+01
1.560159364000768392e+02
8.936659807521610333e+01
1.445235518706855942e+02
1.747471978198162219e+02
1.529931732316541400e+02
1.383960307193006258e+02
1.179624506601353744e+02
1.709534468553338797e+02
1.302778902231269171e+02
1.911955075978595175e+02
1.311756986157695337e+02
1.385609365649389986e+02
1.690910977658942898e+02
1.474903436319039827e+02
1.657279101366107170e+02
1.553360498584814593e+02
1.870734980776339569e+02
1.834309766022986423e+02
6.992059982838613053e+01
3.354624914870300501e+01
5.426640374769639408e+01
6.701556189982281353e+01
5.407966560742781326e+01
5.813486850672977369e+01
9.749086223568042442e+01
1.079593783751389822e+02
9.147427281623006934e+01
9.192709559376872619e+01
5.263750931627156859e+01
7.700276926196670502e+01
1.120054302284148378e+02
1.038908768463664956e+02
5.282934995091932251e+01
1.083243880779450734e+02
5.903874045422232797e+01
1.341952204809213356e+02
1.215133766054175766e+02
7.231980893285695799e+01
8.926252238860972454e+01
1.357541449883810003e+02
6.350891447592057659e+01
1.020236648379456028e+02
1.414178900789686395e+02
1.289148769410309683e+02
6.168349707520645353e+01
1.217603194484667455e+02
1.505151328991780986e+02
9.070546529423916127e+01
7.769762536806220510e+01
8.997919728065944867e+01
1.349367515887042828e+02
8.726461824787675425e+01
1.592334084927588833e+02
9.125972024279963080e+01
1.477436192113356412e+02
1.758148291720812324e+02
1.562132405723041870e+02
1.408210235110875601e+02
1.202425529520644005e+02
1.741735141959838415e+02
1.319175272173186784e+02
1.924328425268925571e+02
1.330176073567693891e+02
1.407512183496124862e+02
1.715160905576811672e+02
1.499153364236909169e+02
1.679143598013597796e+02
1.571779585994812578e+02
1.886735700498489621e+02
1.852728853432984408e+02
9.456973432760491960e+01
2.120404881816867260e+01
1.730971430177594783e+01
2.337979556167594808e+01
7.426623426605085854e+01
3.370725417144029734e+01
4.369736328477895171e+01
3.531440377844882050e+01
3.480105741768461769e+01
4.590959530842657443e+01
3.894736181064225633e+01
5.136025034730580074e+01
6.458746929570229156e+01
8.902474807646906640e+01
5.247684127594561687e+01
5.347072236992777761e+01
6.697866074116288360e+01
6.775349962533849180e+01
5.447729375108723104e+01
5.414805867050557708e+01
7.164283331670975485e+01
9.537352999755202632e+01
7.686805055529447372e+01
7.515765306941855783e+01
7.393654828443366966e+01
8.285206626219512316e+01
6.809467562592149648e+01
8.743335738258679157e+01
9.345054336092262304e+01
1.016217416844663859e+02
7.349885618444457691e+01
8.845857857497237831e+01
1.065944698802149588e+02
9.944163466104549798e+01
8.988909625901615641e+01
1.019729570565984034e+02
1.183266115651588564e+02
1.132998120674438667e+02
1.099801530009995076e+02
1.023706964206324272e+02
1.281041600031667258e+02
1.323434922716492395e+02
1.360009877711461570e+02
1.234028708800241816e+02
1.204222263366243908e+02
1.334004533223665590e+02
1.230550489203468203e+02
1.436204614203559515e+02
1.420180362376696053e+02
1.575933101476543072e+02
1.670653107156635429e+02
7.848518804090896595e+01
9.122206550430888683e+01
7.775851980315751177e+01
3.101615748825171437e+01
1.088510290544560775e+02
1.118025197967689621e+02
1.139277519404506336e+02
1.146760182142286340e+02
6.930160720202042057e+01
9.636737891559747027e+01
1.233871907937390517e+02
8.014581578539730344e+01
4.235936914904409889e+01
1.297980835444590468e+02
7.223357944762220484e+01
1.109154369654308141e+02
9.885677815620275055e+01
8.579567285636376539e+01
1.054409242760979879e+02
1.258039904333191998e+02
5.171956687848783929e+01
8.197166886923524487e+01
1.192720304979257264e+02
1.076342326450063069e+02
5.899803154840312658e+01
1.416774629719767233e+02
1.389329838361617249e+02
7.708754444970008990e+01
6.703039016603173650e+01
9.853927843220357374e+01
1.507088464070104123e+02
7.889533932021190310e+01
1.552437103903646971e+02
9.253708977347938003e+01
1.625488965971557036e+02
1.610305991822413034e+02
1.690290117567676589e+02
1.459881294604139441e+02
1.226317178106606889e+02
1.869616606395263432e+02
1.245485314616465899e+02
1.793213542089505950e+02
1.306963671887042437e+02
1.416174070848572626e+02
1.766384211580714521e+02
1.537173497149534569e+02
1.670249574914315360e+02
1.539726229137268660e+02
1.792182486123966783e+02
1.789174831432170549e+02
1.282291577070440880e+01
2.334414218338966229e+00
9.174936200021716104e+01
4.338845690897166918e+01
5.384460764779401387e+01
3.732346727527242081e+01
3.770112224348480368e+01
2.513854027062608409e+01
2.773985372231686242e+01
5.773978239046034133e+01
8.385502919134907529e+01
6.798635119239921210e+01
5.488752723135036860e+01
3.336347612559906395e+01
8.046894080478131173e+01
8.369360305892089968e+01
3.717370652179322832e+01
4.363564378610622185e+01
8.156283645736289145e+01
7.418666941569573225e+01
9.591114969763276576e+01
8.736729505179604871e+01
8.873636164118914849e+01
6.188561026076516924e+01
6.894628691648394181e+01
9.624915577368689412e+01
9.721233873669150682e+01
8.192116835707915357e+01
5.797719028579954426e+01
8.520681434828827605e+01
8.615293427398050596e+01
1.050871561295793555e+02
7.159682857896781627e+01
9.870508738055318076e+01
1.257951786180872062e+02
1.088883462723157294e+02
1.010687553490633661e+02
8.969106175046547946e+01
1.256667477386404954e+02
1.198206602727081389e+02
1.417619005109989416e+02
1.096828679612088280e+02
1.094472992704839385e+02
1.274614777976285893e+02
1.138375190983236962e+02
1.341396042139107294e+02
1.309781123183759064e+02
1.656746441240522358e+02
1.577053572558827170e+02
1.358533294403124003e+01
8.932805282489209731e+01
3.063866172018274980e+01
4.106010276907248624e+01
2.522765565917429953e+01
2.536034475907940333e+01
3.252685956086756391e+01
2.210908252055558521e+01
4.519875951549008164e+01
7.319943435647105900e+01
7.821002072207390654e+01
4.324248000467063235e+01
3.828356963106566724e+01
6.783995547356619227e+01
7.152292866669590410e+01
3.783427826759908186e+01
3.772429630399403067e+01
6.877006360312476829e+01
8.321960952342878670e+01
8.488396927846169149e+01
7.461205146876093863e+01
7.647391052181848181e+01
6.940609084885552704e+01
5.799296526110911998e+01
8.359720319232805252e+01
1.031956058763446862e+02
8.909747761077528594e+01
5.638790227167843483e+01
7.568781405803484574e+01
9.124138007096824765e+01
9.269716963499254803e+01
7.324784871740260428e+01
8.930681904467378729e+01
1.134051921235004130e+02
9.995048448683358799e+01
9.448552394681308897e+01
8.588619348957593047e+01
1.160691100758123753e+02
1.215536283633629466e+02
1.293719140164121484e+02
1.069183679489676848e+02
1.041616364321119477e+02
1.196103137753239025e+02
1.074817312627234713e+02
1.280266580903551983e+02
1.257574463331572332e+02
1.532731497901056628e+02
1.519099136347807075e+02
9.012299946398103145e+01
4.414895292269422811e+01
5.456575031567128775e+01
3.744430431816319071e+01
3.786271647969370235e+01
2.282393455916840708e+01
2.643343045127019053e+01
5.804309286086555630e+01
8.544953917136534471e+01
6.612964492528452354e+01
5.463550925833524730e+01
3.103569716518218513e+01
8.132426660474992275e+01
8.494172354308138040e+01
3.502098943262159736e+01
4.232692442418944268e+01
8.214033810041370032e+01
7.232996314858102949e+01
9.745469834643287754e+01
8.811769901535980409e+01
8.990478475839331907e+01
5.976563288263754714e+01
6.849814167008663901e+01
9.661282243914867252e+01
9.489773302523381915e+01
7.960656264562145168e+01
5.582447319662792040e+01
8.444118207557350786e+01
8.383832856252280408e+01
1.052442035473073645e+02
6.941895571013837696e+01
9.792528753333850489e+01
1.259522260358152153e+02
1.077174333132580131e+02
9.941133268268590939e+01
8.795963532398072005e+01
1.249096105880235115e+02
1.175642492916861244e+02
1.418625167976472028e+02
1.075301508720371686e+02
1.077568530931657023e+02
1.261564004504159726e+02
1.121800964319462395e+02
1.324821815475333722e+02
1.292466858918911328e+02
1.658316915417800885e+02
1.560479345895053314e+02
8.181721919549781319e+01
8.334155189930125118e+01
9.504274773813742172e+01
9.376866255310406473e+01
7.424989850525523138e+01
1.013626823738752023e+02
9.468973792635101461e+01
4.915634597734840128e+01
3.015949161655162669e+01
1.037069111472787313e+02
7.350481310088824216e+01
7.993211261088221420e+01
6.786699081400676903e+01
8.542345816164377936e+01
1.053160752723687068e+02
9.510658954178073543e+01
3.420047088724508910e+01
5.223211007903699965e+01
8.828870614337705547e+01
7.664444530281029699e+01
4.779986936305360246e+01
1.164370906071898020e+02
1.079496594816130255e+02
5.100197891492084779e+01
4.712258533099579694e+01
9.139309519677769345e+01
1.400257941474565655e+02
5.936248646703463550e+01
1.242539230481685877e+02
7.914143475339652412e+01
1.525978019212533070e+02
1.314478678980912036e+02
1.590199555321676144e+02
1.340251719737017879e+02
1.086600361753007320e+02
1.750687883840357131e+02
1.027734756471086257e+02
1.498776106526565854e+02
1.136169296489908902e+02
1.256318545790408621e+02
1.628105364274154567e+02
1.390038836222757368e+02
1.498490882021706341e+02
1.349987509528473595e+02
1.545747746174750148e+02
1.560866807048664668e+02
1.062719082495038592e+01
1.487040728855316196e+01
1.345699875046797622e+01
5.919655804793193710e+01
3.595715780055334676e+01
1.823989522170984046e+01
4.875192637758524228e+01
9.946731027120434021e+01
2.332907054973178873e+01
6.228110387105509460e+01
3.740406315444375451e+01
4.269502856007287050e+01
5.612341673072790371e+01
4.316164904071401054e+01
3.873653930207198925e+01
9.344686703741513156e+01
5.881738304285538277e+01
4.398388172143850028e+01
4.634367445275422881e+01
9.390714507331568939e+01
3.790697214800923831e+01
5.428631076571394232e+01
7.824907294271272917e+01
9.128258077357290290e+01
6.610710192544839003e+01
6.057403847181046785e+01
9.527556356336081933e+01
6.588035703065959581e+01
8.612752379065263142e+01
7.381056816464051451e+01
8.517956494828600000e+01
8.572068592908959772e+01
8.859216401594581214e+01
8.648255320819551173e+01
9.935215216429841689e+01
1.046632885448859014e+02
1.024397101407601838e+02
1.077397789333449083e+02
1.024083810276129043e+02
1.072930189932488076e+02
1.017630313369180612e+02
1.220170606479743185e+02
1.232713995133775455e+02
1.244462635307813372e+02
1.346514583142911476e+02
2.164992540790917275e+01
2.036208662064601782e+01
6.869736362017593478e+01
4.393016880156002202e+01
1.183602481773211501e+01
4.415202197010356855e+01
9.734533714328141230e+01
2.116288579605643605e+01
7.119289994161240998e+01
2.776119371893256371e+01
3.481444648110903728e+01
6.344023990153249315e+01
4.762663825497537573e+01
2.824190803575996966e+01
9.065125953710366957e+01
5.265127565431821210e+01
3.369005893884371972e+01
3.697850085449946533e+01
1.024869997356545639e+02
3.365914414710523772e+01
4.395099438330520769e+01
7.214425412707457497e+01
8.623173158049836218e+01
7.057209113970976944e+01
5.710050136609049787e+01
8.875922819787641060e+01
5.632668789877191529e+01
9.059251300491396819e+01
7.004775429088206806e+01
7.484424856587727959e+01
8.218209941159243215e+01
8.715632572531922051e+01
8.699097847289991137e+01
9.481967010659333539e+01
9.498584865466021654e+01
9.269892294965615065e+01
1.082045669719343977e+02
1.020452200894089572e+02
1.039289178690728619e+02
1.002492466910209430e+02
1.194077602791952160e+02
1.224827525001802826e+02
1.141109471483726168e+02
1.241603848189086818e+02
1.414213562373095145e+00
4.808181067201712011e+01
2.231318418087478506e+01
2.108892537643174592e+01
6.357188244445467973e+01
9.365726156045836603e+01
1.808604814249297377e+01
4.994817156495633270e+01
4.900318213749462615e+01
5.625782555414137676e+01
4.180570783594079387e+01
2.854571566268443306e+01
4.573788737122684722e+01
9.626571208218373954e+01
7.330111098188956475e+01
5.376287956895991726e+01
5.847180691308102496e+01
8.103657683301925374e+01
3.343667758700831882e+01
5.960522371909024741e+01
9.279408945464584235e+01
9.842198607206812255e+01
5.149116854741883031e+01
5.323530782247303961e+01
9.613437158697227858e+01
6.783161192698466380e+01
7.151159041262296512e+01
6.674963122994783760e+01
8.853963441549251456e+01
7.830578317970640967e+01
7.755171373371328514e+01
7.366609972141313278e+01
9.287979846757953339e+01
1.150718174687334994e+02
1.045063563084042642e+02
9.508969725059597522e+01
9.018635916293115429e+01
9.907793943702245087e+01
9.072300057359909431e+01
1.113075525259184531e+02
1.114821658191276157e+02
1.284190999214574731e+02
1.347028521941161330e+02
4.912142686404064307e+01
2.356844679469587334e+01
2.035269914516425516e+01
6.215782859823426776e+01
9.469687775248195294e+01
1.803895783573069522e+01
5.116580013489589618e+01
4.780741248356915207e+01
5.493828967291815246e+01
4.314119535813836848e+01
2.989853032712436232e+01
4.498468118723220499e+01
9.748334065212328881e+01
7.190765195329221626e+01
5.269766352592997549e+01
5.725012161089147611e+01
8.225420540295880301e+01
3.357659431233147274e+01
5.892242872344738913e+01
9.140063042604846544e+01
9.975747359426567584e+01
5.284398321185874181e+01
5.391670007421269872e+01
9.753295003278037711e+01
6.739036784825189841e+01
7.286440507706288372e+01
6.743075873003550669e+01
8.809839033675980602e+01
7.898752559917177507e+01
7.842861135579424570e+01
7.491421042294568622e+01
9.356077137451886472e+01
1.147858238818569845e+02
1.040651122296715698e+02
9.617143614809508279e+01
9.114749306269423812e+01
9.982885123334874322e+01
9.159989819568006908e+01
1.121844501479994136e+02
1.124339934365268476e+02
1.279778558427247788e+02
1.355797498161971930e+02
2.780326389069961834e+01
6.854566802977397799e+01
9.722077204629263747e+01
4.652881719486504863e+01
6.164282760429586716e+01
9.296580385883466136e+00
9.630186690566405616e+01
1.017655320212991228e+02
2.033826942714556196e+01
3.734938051995548847e+01
9.331889283028326076e+01
5.085897345587400764e+01
8.996720106007778384e+01
1.017792857734277447e+02
1.053314095789220062e+02
3.727141097775475487e+01
7.288573980244802897e+01
1.056504781408414431e+02
7.230248227969075003e+01
5.701131190007836835e+01
4.009079761312126777e+01
8.303358616416103644e+01
6.101813488976051758e+01
1.124498225093028765e+02
4.877767123005723704e+01
9.573762415685396832e+01
1.337212761141358044e+02
1.041591147303569045e+02
9.092908194037484293e+01
7.228545117813879983e+01
1.221675191415021544e+02
9.642444811789822268e+01
1.482068781804659636e+02
8.940655804323721156e+01
9.307242522826263098e+01
1.204645273878990821e+02
1.004024942529135416e+02
1.195605079222695935e+02
1.130459099300636296e+02
1.520199680935632784e+02
1.427352112675326623e+02
4.121051039446822983e+01
8.422643071183095742e+01
7.221135242934440157e+01
3.393496411450666983e+01
2.818458261964097389e+01
7.118597921498066228e+01
7.837571189512023295e+01
2.026421837234353518e+01
1.612196091470346104e+01
6.598373519497759787e+01
7.430358815396458283e+01
9.468749629533223811e+01
7.482558205321831224e+01
8.074906584871403936e+01
5.898816267108383471e+01
4.537803129461217111e+01
7.815216024216843493e+01
9.137379091289290045e+01
7.677108986907195742e+01
3.519883075017574470e+01
5.844690366817614091e+01
7.557356352626644025e+01
8.473233065412182441e+01
5.348366153807329937e+01
7.186772966421213482e+01
1.060037842589548234e+02
8.139839201282295278e+01
7.359358437486606874e+01
6.381174508141874213e+01
9.875380851903554458e+01
1.008193733888450794e+02
1.205539052668874547e+02
8.484391954081043252e+01
8.252706348907217659e+01
9.972298071637787586e+01
8.646103147578192250e+01
1.068219150728697571e+02
1.041228733901174195e+02
1.434479248971820198e+02
1.306949586746237628e+02
5.321279365513018433e+01
1.072934042843239553e+02
1.101214700830084503e+01
6.939386506692950718e+01
3.104665065915425615e+01
4.128278650579890297e+01
5.902837885652558469e+01
4.149714228592817733e+01
2.485586705324817913e+01
9.992095118982119573e+01
6.061041797159458611e+01
3.381142397268246924e+01
4.104581539832886250e+01
9.880556391136681782e+01
2.182311932937313159e+01
3.857165864872993666e+01
7.990326754427873368e+01
9.422246218869273093e+01
6.267420765626485490e+01
4.533605622110546562e+01
9.574159217789717502e+01
4.843504258681579699e+01
8.232836634861672565e+01
5.821172947314995838e+01
6.853053242131828426e+01
7.041765426660734306e+01
7.623657510924499547e+01
7.741035769896795671e+01
8.304939368057608817e+01
9.616700309479981001e+01
8.506424824401740636e+01
9.862394619800245721e+01
9.161072412661982867e+01
9.216447272408771596e+01
8.901082390432314639e+01
1.078809234673313000e+02
1.116771671838486384e+02
1.080771276442570468e+02
1.196221585335907776e+02
5.482078450728430141e+01
6.406356663460118739e+01
9.207662192973010917e+01
3.100835343727382210e+01
1.875308887132199587e+01
9.887109324756524131e+01
9.131232130256637447e+01
4.708107134809273475e+01
4.691944356857700882e+01
1.253251701318313138e+01
3.922322963622838898e+01
2.759728984155865561e+01
6.045101743969256347e+01
7.319538049491701770e+01
5.885240992418658124e+01
3.062927324447801070e+01
4.277356013363549181e+01
9.429330635842734409e+01
9.672535292569961030e+01
4.780720849953214469e+01
7.514002110548373992e+01
7.481405498377306174e+01
1.081694757726312162e+02
8.416687880419144108e+01
1.206784062906906456e+02
1.227080394665984358e+02
9.763169548053660662e+01
1.262541651924799027e+02
7.187624478444647025e+01
1.036431379497902725e+02
9.189503715734709033e+01
1.065234524363834652e+02
1.412599744738368486e+02
1.205360408372617655e+02
1.203390262246931712e+02
1.045571188565353680e+02
1.139704587029046507e+02
1.187835326947343191e+02
1.052521080108511171e+02
4.404773004097212663e+01
8.405416920283188631e+01
7.093056802808104067e+01
5.557257205311802295e+01
7.538146545848947255e+01
1.002790689917461862e+02
1.094940464245200573e+01
5.048938512278620294e+01
9.065504560354108321e+01
7.739577990674374064e+01
1.850536243414138937e+01
1.121743977581529776e+02
1.089360912142547591e+02
3.800919547166247980e+01
2.600904080560606602e+01
6.176284100244694031e+01
1.166037497906441871e+02
3.741124473766262071e+01
1.236839823055621963e+02
5.180557503260603625e+01
1.268100926568281182e+02
1.231185593495044230e+02
1.302477823130666366e+02
1.066048693725512351e+02
8.226618168900523642e+01
1.479208220309390072e+02
8.315373206055627975e+01
1.407059404357454184e+02
8.865910982613380042e+01
9.977927088441151682e+01
1.364818474191422979e+02
1.126751946140026632e+02
1.249877001288611069e+02
1.119416668839940883e+02
1.384647086192139511e+02
1.375226837421265600e+02
6.150881738701501433e+01
4.163343591134640320e+01
5.229493351409979596e+01
4.978134354622756064e+01
3.111321174439029136e+01
3.331433687448809877e+01
1.053086033413549529e+02
7.162256497989551463e+01
4.342938123971629238e+01
5.163010498636120360e+01
8.951940859835964659e+01
1.566001866090391914e+01
4.470903137792331705e+01
9.091541455257967641e+01
1.039087121371032083e+02
5.191717473764595070e+01
3.724777740204029897e+01
9.845334627145918205e+01
5.116581973592312949e+01
7.157133342999784986e+01
5.048430709487031010e+01
7.229031426825780215e+01
6.239442485931944304e+01
6.622805060259832999e+01
6.641879900451348817e+01
7.632587693819404251e+01
1.052958567073318505e+02
8.741085855080201839e+01
8.763238750354791762e+01
8.109762490592753181e+01
8.396675792347870981e+01
7.934645122344636547e+01
9.876489373358951696e+01
1.013765915850791828e+02
1.121697797742228886e+02
1.218310682333059418e+02
9.884944895158564293e+01
1.045943290902653899e+02
1.371669891304463107e+01
3.334559916530574242e+01
9.416708986743894627e+01
4.646923758851701081e+01
8.393538444796499221e+01
1.030089367256796464e+02
1.080105638678355859e+02
3.172179927277275979e+01
7.010990168306980763e+01
1.058976255461843010e+02
6.614992912555317162e+01
5.094091710796514150e+01
3.149813651067974973e+01
7.865030586476788699e+01
5.321924831678642676e+01
1.106684347992012647e+02
3.949271876440384688e+01
9.092510651763782903e+01
1.320257408119858553e+02
9.892845118548181915e+01
8.259391719064774406e+01
6.348992136111278484e+01
1.170877476773600279e+02
8.715332485037987453e+01
1.452756335776038554e+02
8.023384677060789727e+01
8.427689541123650940e+01
1.135512990408434604e+02
9.206732950318645692e+01
1.107649781052434435e+02
1.039801365859094631e+02
1.427350156279099735e+02
1.337788140979548359e+02
1.321915611873308549e+01
8.935981352732014216e+01
7.243144796067358016e+01
1.656946653251119272e+01
7.494206703311174067e+01
3.393857908791595435e+01
9.858605872395475700e+00
1.002509564314044965e+01
8.640709639704211042e+01
4.636792940478625979e+01
2.900897130792415624e+01
5.146878815565846566e+01
6.652304951162024338e+01
9.351518074410672909e+01
6.895774982559295552e+01
6.575739495007154289e+01
4.537996681187271264e+01
8.981817262621002840e+01
7.959509569593402034e+01
5.725230552202364720e+01
9.210402621399336454e+01
1.029196677079318505e+02
1.068913189398716383e+02
9.572772183815655467e+01
6.734677254042819072e+01
7.658890602631811362e+01
9.177616526288124987e+01
1.053859501240337266e+02
1.127597407203887911e+02
1.142035671341020588e+02
1.107855337140844938e+02
9.638671361029523155e+01
9.304155686441673367e+01
1.012490303291416893e+02
9.806350584456028230e+01
8.168832374550440534e+01
2.939715435608490424e+01
6.184373258904754778e+01
2.084024464385174014e+01
2.052632553389779702e+01
9.334801385494220227e+00
7.373437577153640632e+01
5.853806998092019853e+01
4.016373775871629448e+01
3.898072642907354890e+01
5.391907249087132215e+01
9.947802807787348911e+01
8.157438650684476045e+01
5.456079088474369598e+01
5.645231223200121207e+01
7.942820479611097539e+01
9.234545630374280734e+01
6.591795506313677322e+01
1.048543868218022510e+02
1.150403072175520265e+02
9.954136089531195353e+01
1.078744964861609503e+02
6.466458552568160201e+01
8.539421420873550517e+01
8.763232947152816621e+01
1.016174602087873780e+02
1.251388967019302783e+02
1.146001958243320615e+02
1.109374370515233608e+02
9.549118719775155739e+01
9.834388959722808465e+01
1.051973314321093369e+02
2.027167682254370362e+01
8.302079994574063448e+01
5.569576495092073998e+01
9.012767586529044195e+01
9.275379616043601061e+01
9.925698699673554870e+01
4.001280312467262235e+01
5.734493595249315234e+01
9.398534284878121525e+01
7.111012113811264612e+01
5.661628048269297153e+01
2.133577297337092205e+01
6.519385662540499027e+01
5.533932926182701095e+01
9.801257129421084358e+01
3.541514340540096129e+01
7.728423628948851842e+01
1.195138201691556930e+02
8.534265669926499243e+01
7.115730697293098217e+01
5.392441603502390990e+01
1.034413922237014418e+02
8.372092305136141022e+01
1.323949456760363717e+02
7.270380650608827011e+01
7.454468987575441474e+01
1.007838352952873322e+02
8.131739482565224364e+01
1.006609886675432648e+02
9.560705081192409693e+01
1.364055771554037335e+02
1.241035262172776896e+02
6.438537405493293875e+01
7.422189059746126816e+01
1.001622667394347133e+02
7.452643052134197887e+01
8.238032402951596112e+01
5.843269585446598313e+01
3.708321581646078613e+01
7.406645473458722506e+01
8.593031627290800145e+01
7.303851252203983790e+01
2.294848892359895132e+01
4.570697825675412673e+01
6.879753112596148412e+01
7.775085115817834946e+01
4.296891078880313586e+01
5.854552450862198754e+01
9.925210003312319884e+01
6.706324434894746389e+01
5.757325155032572894e+01
4.830542599499739964e+01
8.501482882518720885e+01
8.726246394250937044e+01
1.121623012900202099e+02
6.933760045438916109e+01
6.653757467728289043e+01
8.432243271507410043e+01
7.044069865124160401e+01
9.080158224832946701e+01
8.813338457832811912e+01
1.273887938554505013e+02
1.146413828327707733e+02
9.090557023477781229e+01
4.990208228958199754e+01
1.172965266456885480e+01
2.392470174394991744e+01
1.016220503062295677e+02
3.320780761131221936e+01
1.613422606988441999e+01
6.633337767695914522e+01
8.166773027662469531e+01
8.464150658837861840e+01
5.398378946833945946e+01
7.954638677464707541e+01
3.108905832474451358e+01
1.016376839643613579e+02
6.391173209700566105e+01
4.707023365642751145e+01
7.624320970534023445e+01
8.869220970339296173e+01
9.519069220419810051e+01
7.999490555325387220e+01
7.199564212557598353e+01
6.560454733386154658e+01
9.688987846957788008e+01
1.065005649446356131e+02
9.640747125610151613e+01
9.985681070343153465e+01
1.099481596278335616e+02
9.705998389875104237e+01
8.604885351004818972e+01
9.616468658780601686e+01
4.100348794519582896e+01
8.108748250560839210e+01
6.782821680881102111e+01
1.579586300787790165e+01
1.106437014940410108e+02
9.858954100810304055e+01
2.736481452103547340e+01
1.541101719992584762e+01
5.810340474721230919e+01
1.128957950500239349e+02
2.724385336310961847e+01
1.130396013549352148e+02
4.494460391427696777e+01
1.221174944705298486e+02
1.124717086917141131e+02
1.248258694395015311e+02
9.982988631750960451e+01
7.446475051910853438e+01
1.415922035637434817e+02
7.285614814807124162e+01
1.297819599855247930e+02
8.009825428557459759e+01
9.159818780979215092e+01
1.286152507712232307e+02
1.048085979660834965e+02
1.165481847064053795e+02
1.031698688799876038e+02
1.278601297810113806e+02
1.272250998296415929e+02
4.025210259270368596e+01
2.701258512381708954e+01
5.289980111807191321e+01
7.870139928628292125e+01
5.895185351827017683e+01
1.949306516972967529e+01
3.361204421709813062e+01
8.257410332925174146e+01
1.018746644146892351e+02
3.645945557679917215e+01
7.491797720457081766e+01
6.300325775208477097e+01
1.128488404342520255e+02
7.988042311363008707e+01
1.253577709523114549e+02
1.104963101285300127e+02
8.541996614246818353e+01
1.261013902386166166e+02
5.996923691595964812e+01
9.852693911886014178e+01
7.948733083467423910e+01
9.407501978672146947e+01
1.292705730099798132e+02
1.082838048208181760e+02
1.091578433525763074e+02
9.299845569107571919e+01
1.056656616899666687e+02
1.091281748567476910e+02
1.328198004369446039e+01
9.066885394883875904e+01
4.476965084717098620e+01
1.966095545579870674e+01
5.528995344262252587e+01
7.062430604228805464e+01
9.524716717016805489e+01
6.554091946684752656e+01
6.803082854650394040e+01
3.613083060689513104e+01
9.007599257974365514e+01
7.485659693416155847e+01
4.741783273792648856e+01
8.708410789969404675e+01
1.004101464142461566e+02
1.042748464863737894e+02
8.735309939785869915e+01
6.240982894910563061e+01
6.673479464033822239e+01
8.759388278128901106e+01
1.002231219722407758e+02
1.046174996136280271e+02
1.114139407019395946e+02
1.038066219348904440e+02
8.940780288002977727e+01
8.387762256603208755e+01
9.228972651710149933e+01
7.791780479135191229e+01
5.564332519226369556e+01
3.235573037882489444e+01
4.269064281109189096e+01
5.800070126408149918e+01
9.993542309091208153e+01
7.774913910500384873e+01
5.644447867045120404e+01
4.842319254012279117e+01
7.988559980914951097e+01
8.774613333426208328e+01
5.678475850321515139e+01
1.000776109425967064e+02
1.119026686770490500e+02
9.716814486638867265e+01
9.984910114982903906e+01
5.908850883185560576e+01
7.626101764881396150e+01
8.299382864601155063e+01
9.673557022337347178e+01
1.171135013655983386e+02
1.092538799654948463e+02
1.038010063790130744e+02
8.908972571483332104e+01
8.934697221385761168e+01
9.647599689829350211e+01
9.504682613717481843e+01
1.067538445578144035e+02
3.546892107333790989e+01
2.019821262825718122e+01
4.360942509041897353e+01
9.850090446230731800e+01
2.680632127710922674e+01
1.198321675920390419e+02
3.385788452499391354e+01
1.084360283621560370e+02
1.166127208049468322e+02
1.117481719879653070e+02
8.810525904744989134e+01
6.436539694646496912e+01
1.294212117058376350e+02
7.026395022565337456e+01
1.322304702875696023e+02
7.281046746783054857e+01
8.262155758873225864e+01
1.185574685645757569e+02
9.543744239739869784e+01
1.087394450822986869e+02
9.694026184645282740e+01
1.272551622350767673e+02
1.243946687688407309e+02
3.874249222901993051e+01
9.731606862462368213e+01
1.070376388102113481e+02
5.424565516439608359e+01
2.391590282466234640e+01
9.962274228721423697e+01
4.066763534171759886e+01
7.253456515773872582e+01
3.638861014377683745e+01
6.216888421666246245e+01
4.868202529023913883e+01
5.655807302634397615e+01
6.226691007467505301e+01
6.144791355442144010e+01
1.018060722129912108e+02
7.558224052162934470e+01
8.213677678185896980e+01
7.336000937630304009e+01
7.057445606745709199e+01
6.798644518961505412e+01
8.677647942437312167e+01
9.252015828921672380e+01
1.017707869647404522e+02
1.094212274665651421e+02
7.203635833410152145e+01
8.692667459740401625e+01
9.241286102682683179e+01
5.442191703777783118e+01
8.228423344937222339e+01
1.669088492305668225e+01
9.987153691245177356e+01
6.105867619136829205e+01
3.119886190855669739e+01
7.098801658084849464e+01
8.999623262859111605e+01
9.977882947613903752e+01
6.798824073489994646e+01
6.338299621346796897e+01
4.964575646326127867e+01
8.822409906104567767e+01
9.991262807162335946e+01
8.525264095066928860e+01
9.989558807626956138e+01
9.698835513964914412e+01
8.532439545342153053e+01
7.034511080717959430e+01
8.125162399667729574e+01
1.546934531068496632e+01
6.375648745687279728e+01
1.129116194269771540e+02
1.737350883831774340e+01
8.584847134722852502e+01
4.427131733733742180e+01
1.199042690450989426e+02
8.521932659967492896e+01
1.204844423134059497e+02
9.369126513875359308e+01
6.849530199850111956e+01
1.345041995351508604e+02
5.191124773273823223e+01
1.028475428512582255e+02
6.652559664866205935e+01
8.065263867312944512e+01
1.181500571150730110e+02
9.537745277724975779e+01
1.006036427234106441e+02
8.465508242577092801e+01
1.045207592172390036e+02
1.053947292351919032e+02
5.306525344280706946e+01
1.054661461802706555e+02
1.239725834722954545e+01
1.003208395131177610e+02
3.585197197232454869e+01
1.133642753964798686e+02
9.855986836372353821e+01
1.148989416118662774e+02
8.871392238672210340e+01
6.334878658832104037e+01
1.306592313755961072e+02
5.757032590505595948e+01
1.152199957773960506e+02
6.674198934813658468e+01
7.929484595513366685e+01
1.169564526486674225e+02
9.314857945701422182e+01
1.029695507718468406e+02
8.829249043138524655e+01
1.125047836951054592e+02
1.119392775866262610e+02
5.518163746512378509e+01
4.675229515610492825e+01
9.445430507138586051e+01
2.006557835034318060e+01
6.571736709493703188e+01
1.159555539463307383e+02
7.110178367366044938e+01
5.129294139325264723e+01
3.271469838434502719e+01
8.927783547704798650e+01
6.588563053317112406e+01
1.257818028076404033e+02
5.188665504601087974e+01
5.347598793188384292e+01
8.225032324344830670e+01
6.076635370579134587e+01
7.990839382418661785e+01
7.431936506708613877e+01
1.152547485812800545e+02
1.031387739711538103e+02
9.620448668046034868e+01
4.940867218577020736e+01
6.976296187241582913e+01
1.364035683545142774e+01
6.742204020205954862e+01
2.515644406780440079e+01
3.570641589937802252e+01
5.031823138503958148e+01
4.048879322221047516e+01
9.197113013760770173e+01
7.071006702204996941e+01
6.685150216429840953e+01
5.456760484808133072e+01
4.682974058420925445e+01
4.595885517176390067e+01
6.363232501895674176e+01
7.056399676829201439e+01
9.665121490461375231e+01
8.554135294550322044e+01
9.389420822829436020e+01
2.728377095553110365e+01
1.032683383281503069e+02
8.992312444088410928e+01
1.044611923928085133e+02
7.783722007411560639e+01
5.247205207790365478e+01
1.197824968651787430e+02
4.585667755358231545e+01
1.057730899514108245e+02
5.446114861893119041e+01
6.735085878569012152e+01
1.053121148138601058e+02
8.158390356695736045e+01
9.060105792306751482e+01
7.597911940236451755e+01
1.018237083251626274e+02
1.002256292351526525e+02
1.101751775281582013e+02
4.934487672048664564e+01
2.167863182597163529e+01
5.716497240167231553e+01
8.175593915372564879e+01
9.912386896928579461e+01
5.144961488616498002e+01
6.893573282666119439e+01
3.669265807100486398e+01
9.336507319051892750e+01
1.005236921676370514e+02
6.871401510193430795e+01
8.761145022889955669e+01
9.054553118534475686e+01
8.476520678182824042e+01
6.156785831587185953e+01
7.401808367471575423e+01
7.769986246545106212e+01
1.033089817328960152e+02
7.995443526047228033e+01
5.525511929087458896e+01
3.068837489314062239e+01
9.698227679582954863e+01
4.843277951719690577e+01
1.166327501507950331e+02
4.222555858509995375e+01
4.995073704710289775e+01
8.492438842194043502e+01
6.177503897032387670e+01
7.695733703769606393e+01
6.650882887049502301e+01
1.032906551592941611e+02
9.681801377579857615e+01
6.290523135591696757e+01
1.255516282854839538e+01
3.241507065182876346e+01
5.345892019039559528e+01
2.703174061486271285e+01
8.900135202249630595e+01
6.092920869267656059e+01
6.535641967103342154e+01
5.119421317949539940e+01
3.450126181220947075e+01
3.979051730408883003e+01
5.404033357203623922e+01
6.372300330730112705e+01
8.315920686612534496e+01
7.391009138990386873e+01
6.530481234121079126e+01
9.221144083327529017e+01
1.002942605400422877e+02
5.216656880549228248e+01
5.765231525127435219e+01
1.947668823000440597e+01
7.956528479333765347e+01
8.479169558527792105e+01
6.762016222537957333e+01
8.991118175019103376e+01
7.356905193550568356e+01
6.564229072167401569e+01
3.996120626443868673e+01
5.235855633656911579e+01
2.713062848534664440e+01
5.199644185518602768e+01
1.870787618545839237e+01
8.083944867082682606e+01
5.928362756932710909e+01
5.860259840852171465e+01
4.399033846524180547e+01
2.197519285642931308e+01
3.051108551589077322e+01
4.225138136145896794e+01
5.310600249982729792e+01
7.211202124493316035e+01
6.140010644260656392e+01
2.537112251879938540e+01
4.216606033206864623e+01
5.734257919916597501e+01
8.372085458731881147e+01
3.310830140938752209e+01
1.935348538769959958e+01
3.097484857325379792e+01
1.326631097942030024e+01
3.400026090954732183e+01
3.645917746775964474e+01
7.072872583862609019e+01
5.782544555707453071e+01
6.731044503832339387e+01
4.424818745053664770e+01
1.046036616496050584e+02
2.143251269071577880e+01
2.104911740406640064e+01
5.439929094749243887e+01
3.124820722097553727e+01
4.813444853957383174e+01
4.179218742491173089e+01
8.275192686458169078e+01
7.062849885631001712e+01
8.687184869819600408e+01
4.176384503952426286e+01
6.798707764463472358e+01
5.396624168161849866e+01
1.739287596340483333e+01
3.924620625555083819e+01
4.068689849228931621e+01
5.515173958828243173e+01
5.660751380646531317e+01
5.053798722135081789e+01
6.892124451658514772e+01
2.529233567990575438e+01
3.824263233945250562e+01
6.965760132878889976e+01
5.050789642719836792e+01
4.944805077480870636e+01
3.327247161834988987e+01
5.701434309403342127e+01
5.459465936864671676e+01
8.417488776913693016e+01
8.688125287505259564e+01
5.352942581219948437e+01
7.680161650280956565e+01
6.334772294698252182e+01
6.549722173212168741e+01
2.852315986207927523e+01
4.191585887051900272e+01
1.485335579198719458e+01
5.164392104720703003e+01
2.892413946852407491e+01
3.648192469162410845e+01
2.471923826516394129e+01
6.426940227950912288e+01
5.534984060238389247e+01
3.818001338096717490e+01
1.472481410412030911e+01
2.748324274889874985e+01
2.165756057097928533e+01
6.187695575212512011e+01
4.975352774385344645e+01
2.382361661155756849e+01
2.359340542884925895e+01
3.785768322988861456e+01
5.068972709701471757e+01
3.942904696794109753e+01
2.076055868553086015e+01
2.466589920241863254e+01
5.748902361460960009e+01
4.458956029889343142e+01
1.626194145024300042e+01
3.690110252292692650e+01
2.404790796890101134e+01
4.098641137566490045e+01
3.093300126025091146e+01
1.350139998507683892e+01
